0.447712
0.963711
0.698981
1.01026
0.126195
0.749178
0.899632
0.362937
0.656589
0.739083
1.75099
1.39642
0.501255
1.32263
1.12682
0.816273
0.671919
0.487533
0.387138
0.437476
0.573767
0.196329
0.386577
0.488936
0.238448
0.997261
0.612107
0.317451
1.18717
0.36905
0.73053
1.17222
0.268375
0.169732
0.538572
0.747215
0.229394
0.770631
1.06453
0.13021
0.359928
0.432113
0.626628
1.12328
0.341708
0.329649
1.03861
0.551556
0.307776
0.944222
0.281962
0.382671
0.399057
0.480382
0.27257
1.79394
0.684925
0.425227
0.102218
0.165135
0.484695
0.154273
0.454162
0.0650605
0.478174
0.440505
0.238228
0.555538
0.285481
0.691872
0.21369
0.593537
0.217266
0.343292
0.288846
0.978295
0.610363
1.28572
0.590803
1.08452
0.332734
0.263262
0.86696
0.74399
0.473792
0.733894
0.415462
0.65472
0.639811
0.566195
0.352505
0.166297
0.293193
0.351579
0.655373
0.184665
1.29365
0.247623
1.39937
0.316469
0.735297
0.632938
0.331893
0.702066
1.09348
0.499473
1.85218
0.233881
0.467903
0.370487
0.762358
0.65348
1.19998
0.440946
0.242855
0.485009
0.4013
0.428081
0.773437
1.6261
0.565914
0.327161
0.929639
0.63981
1.20236
1.34745
0.236903
0.425277
0.430024
0.140217
0.861855
1.16226
0.927957
0.564232
0.272862
1.4503
0.426855
0.377557
0.229184
0.418366
0.745467
0.605317
0.524761
0.343671
0.224864
0.280903
0.337502
1.12665
1.06677
0.384895
0.194901
0.946255
0.303418
0.295437
0.461593
0.53717
0.351243
0.465099
0.196864
0.541236
0.945984
0.380828
0.501099
0.03239
0.582039
0.690708
0.27186
0.667343
1.6247
0.39471
0.398426
0.341007
0.150032
0.187545
0.809612
0.734503
1.18021
0.168821
0.424576
0.56283
1.91367
0.383422
0.824337
0.522342
0.548948
0.182667
0.637145
0.679911
0.22
1.43647
0.140217
0.259436
2.13789
1.62734
0.0683136
0.29123
1.13997
0.416864
0.736558
1.67588
1.40105
0.0717782
0.523236
0.664066
0.420187
0.517287
0.26827
0.347648
0.421351
0.272686
0.349981
0.444347
0.864965
0.380974
0.356711
0.615972
1.04139
0.359656
0.714264
1.62841
1.20246
0.442664
0.177935
0.253231
0.560399
0.579656
0.387699
0.380127
0.343445
0.0985723
1.49766
0.374799
0.353907
1.28944
0.31693
0.594519
0.271214
0.396308
0.296558
0.242855
0.428958
0.968338
1.08654
1.18913
1.12931
0.238509
0.295717
0.357693
1.36018
0.883508
0.483327
0.346418
0.262033
0.322685
0.25239
0.396673
0.387839
0.142516
1.24485
0.864579
0.991615
0.435653
0.717348
0.240359
0.508847
1.54957
0.234302
0.676511
0.473441
0.531319
0.184525
0.47525
0.972405
0.38812
0.370312
0.311702
0.842282
0.431136
0.514876
0.709132
1.45451
0.361198
0.238509
0.292941
1.51028
0.0745602
0.507693
1.43978
0.513894
0.234723
0.700551
0.308336
0.236546
0.594694
0.366526
0.402562
0.457106
1.04332
0.98965
0.479588
0.261308
0.311702
1.07547
0.649063
0.858689
0.923188
0.223505
0.838776
0.289996
0.394009
0.768708
0.50478
0.398636
1.09916
0.613588
0.684678
1.06944
0.424173
0.326004
0.0565073
0.557081
0.556099
0.344232
0.860932
0.200465
0.186949
1.53553
0.335198
0.294175
0.202424
0.417247
0.251128
0.508671
0.80653
1.09338
0.473074
0.409853
0.670658
0.128719
0.733952
0.265009
0.131558
0.325022
0.809073
0.139726
0.905999
0.743148
0.592996
0.480102
1.15679
0.640482
0.582285
1.04682
0.31044
0.44028
0.545583
0.440336
0.470813
0.47253
0.622282
0.381109
0.223505
0.259821
0.60181
0.317591
0.87811
0.40102
0.529598
0.321797
0.203985
0.316469
0.859209
0.258186
0.254914
0.366975
0.37848
0.148489
0.919439
0.550946
0.544882
0.160723
0.35587
0.325303
0
0.350401
0.521606
0.42523
0.159847
0.766391
0.235879
0.701787
0.219053
0.665188
0.779551
0.336047
0.286603
0.337981
1.29701
0.430115
1.01938
0.765304
0.539694
0.653795
1.19788
0.162481
0.483222
0.189152
0.333575
0.342373
0.447572
0.779465
0.288307
1.03543
0.469205
0.71202
0.269496
0.642893
0.601845
0.85003
0.403123
0.584703
0.200061
0.774629
0.607699
0.25565
0.408872
0.568438
0.163908
1.58468
0.35573
1.18624
1.47679
1.06944
0.59869
1.10169
0.704309
0.116355
0.306338
0.30413
0.352084
0.292212
0.385631
0.585621
1.05952
0.253021
0.38009
0.212428
0.424856
1.20545
0.307495
0.177795
0.398356
1.13786
0.202613
0.655253
0.277629
0.921332
0.628091
0.398187
0.389969
0.371013
0.871962
0.328948
1.77403
0.583862
0.39131
0.286042
1.04518
1.06593
1.48462
2.00466
0.316558
0.678929
0.279872
0.303289
0.550491
0.706446
0.386718
0.578674
0.777256
0.94552
0.388512
0.658738
0.488655
1.26395
0.539778
1.3144
0.296663
1.06663
0.86612
0.333155
0.0961486
0.698141
0.400739
0.626881
0.224627
0.602056
0.921226
0.267533
0.300064
0.238509
0.59543
0.418827
0.591182
0.0976005
0.663926
1.95729
0.889508
0.487113
0.147648
0.99484
0.303008
0.972406
0.438458
0.400319
2.03112
0.400543
1.5393
0.162792
0.523289
1.53272
0.471886
1.07098
0.791064
1.23756
0.43653
0.358955
0.433269
0.270338
0.295717
0.718891
0.326004
0.357132
1.10113
0.385057
0.319694
0.62102
0.280013
0.491319
0.592976
0.178229
0.540931
0.300666
0.532122
0.528056
0.226205
0.784356
0.397725
0.568298
0.642473
0.0799235
0.53044
0.423314
0.684698
0.687903
1.12132
0.78774
0.39886
0.248289
0.0280433
1.02303
0.17783
2.38272
0.488234
0.15764
0.372836
0.64957
0.207521
0.8542
1.05415
0.285832
0.345494
1.31916
0.397199
0.455143
0.402282
0.723518
0.46261
0.195392
1.15819
0.378725
0.586146
0.575187
0.733053
0.120411
0.434231
0.491319
0.624946
0.863897
0.453881
0.772566
0.469305
0.447431
0.95471
0.615832
0.507199
1.14172
0.455424
0.60032
0.629292
0.279732
1.46724
1.10617
0.165496
1.20559
0.649664
0.487954
0.35615
0.205397
0.990775
0.60181
0.508356
0.173939
0.662524
0.327827
1.19181
0.460401
0.477017
0.995892
0.670447
0.664628
0.36232
0.32348
1.29028
1.36936
0.484729
0.441562
0.112508
0.35601
0.117221
0.296558
0.17946
0.0830622
0.179828
0.297764
1.08332
0.431347
0.514275
0.659684
0.629573
0.553716
0.353346
0.53703
0.615516
0.872007
0.576431
0.535207
0.0994837
0.429231
0.911492
0.674092
0.716088
0.3721
0.367227
0.385596
0.308862
0.879162
0.376019
2.25946
0.580665
0.719313
0.191553
0.643006
1.04181
0.936931
0.551192
0.746535
0.599348
0.283378
1.66438
0.225609
0.670446
0.321517
0.607419
0.587087
0.115819
0.575169
0.238088
0.437791
0.712023
0.189012
0.676967
0.720714
0.398776
0.365004
0.205558
0.435793
0.179029
0.435553
1.9595
0.375026
0.106284
0.548769
1.84897
0.829272
0.280293
1.50313
0.630449
0.362285
0.217656
0.471713
0.41881
0.341071
0.125354
0.271403
0.676766
1.28621
0.289407
0.506252
0.215092
0.882351
0.0613448
0.247144
0.285481
0.396252
0.188031
0.23533
0.14246
0.183759
0.252951
1.71605
0.37292
1.29981
0.393308
0.188451
0.338693
0.347597
0.338203
0.26543
0.20093
0.837096
0.208377
0.262453
0.573767
0.312753
0.520239
0.965956
1.18624
0.295857
1.02162
0.372696
0.833142
0.568298
0.287935
0.364563
0.322919
0.35913
0.605876
0.0855322
0.39152
0.516138
0.602581
0.58905
0.323199
0.35873
0.321937
0.428642
0.523709
1.02915
0.504191
0.461453
0.602729
0.772315
0.443926
0.193499
1.44143
1.41703
0.419949
0.150873
0.735297
0.531401
0.105331
0.33666
0.912645
0.340246
0.618776
0.266271
0.222764
0.876918
0.923188
0.531581
1.14641
0.240752
0.183656
0.342409
1.03957
0.360278
1.33073
0.240371
0.435653
0.406628
0.428923
0.573486
0.482626
0.525111
0.516839
0.474353
0.386297
1.5975
0.726886
0.259821
0.389802
1.20993
0.607699
0.650605
0.72422
0.836534
0.819146
0.470567
0.420229
0.204609
1.4748
0.751702
0.454807
0.509933
0.613812
1.04927
0.731931
0.191957
0.695054
0.20463
0.431781
0.196759
0.723658
0.532182
0.429624
0.406348
1.45097
0.456405
0.256386
1.14302
1.6397
0.538853
0.406208
1.19101
0.328754
0.117221
0.176095
0.198967
0.657897
0.474373
0.623614
0.445328
0.511932
0.482591
1.28198
0.159707
0.584623
1.18648
1.34595
0.291791
0.490478
0.746095
0.457667
0.476877
0.328808
0.317969
0.241832
0.677607
0.240892
0.704449
0.685379
0.818447
0.54979
1.55641
0.942538
0.08413
0.348298
0.367929
0.787459
0.425978
0.453341
0.532403
0.298942
0.261224
0.308757
0.370369
1.14586
0.271459
0.319554
0.2458
0.280153
0.307074
0.289828
0.261224
0.2974
1.43821
0.474774
0.965454
1.55076
0.779745
0.229423
0.10979
0.285341
0.318432
0.266131
0.595746
0.49817
0.578454
0.380793
0.359235
0.812556
0.286438
0.140681
0.162651
0.961328
0.838252
0.311281
0.370172
0.491249
0.738521
0.337992
0.396252
0.35573
0.975631
0.31717
1.01503
0.330977
0.971861
0.238368
0.386157
0.282055
0.963153
0.663786
0.396673
0.23977
0.300625
1.11809
1.15048
1.02681
0.345152
1.00872
0.224347
1.09692
0.238649
0.152416
0.27174
1.11027
0.502957
0.564283
0.722604
0.623123
0.337081
0.543239
0.141444
0.273282
0.300484
0.388307
0.670237
0.433029
0.589751
0.367835
0.0287444
0.112173
0.325408
0.243229
0.213795
0.464538
1.16661
0.879162
0.23488
0.266131
0.444767
1.23327
0.792857
0.45276
0.368069
0.653755
0.269847
0.366597
0.209016
0.276451
0.269076
0.592415
1.39488
0.593568
0.632377
0.960263
0.442944
0.591855
0.329159
0.278751
0.558371
0.485991
0.323199
0.660701
0.516839
1.07434
0.552734
0.37827
0.289968
1.22557
0.603212
0.975071
0.920035
0.286416
0.504675
0.379321
1.6331
0.951273
1.20674
0.239069
0.274825
0.235751
0.481083
0.500013
0.293473
0.320255
1.70106
0.326284
1.02496
0.520765
0.432113
0.473336
1.06804
0.867941
1.79955
0.16826
0.519783
0.592359
0.200229
0.616813
1.16247
0.777363
1.12756
0.467202
0.484869
0.236546
0.697157
0.273575
0.610083
0.567562
0.216545
0.75689
0.426733
0.22115
0.672514
0.18796
2.31074
0.43613
0.198407
0.399898
0.875205
0.328588
0.214672
0.452199
0.932023
0.447194
0.44978
0.485009
0.946185
0.410933
0.304416
0.35587
0.633639
0.389802
0.630554
1.08743
1.1345
0.837208
0.159847
0.476036
0.712583
0.700805
2.22782
0.576361
0.432683
1.45731
1.14153
0.181176
0.686643
0.193219
0.351523
0.675564
0.551612
1.42289
0.652008
1.90639
1.52781
0.947842
0.380688
0.359656
0.371154
1.23629
0.312858
0.750299
0.442313
0.273422
0.557081
0.605596
0.307495
0.37951
0.290669
0.184245
0.857707
0.288446
0.796954
0.400038
0.376692
0.235143
0.477438
0.584084
1.50982
0.592696
0.248324
1.12482
0.465622
0.484589
0.219579
0.29109
0.356851
0.849996
0.531421
1.14165
0.308196
0.324041
0.545583
1.7544
0.541096
0.83962
0.443996
1.44777
0.636549
0.209624
0.499837
0.675264
1.0506
1.45629
0.351243
0.239665
0.643098
0.397619
1.4048
0.472343
0.113283
1.87977
0.207941
1.23083
0.189657
0.0941453
0.755414
1.16761
0.783741
0.624365
0.652368
0.232479
0.261504
0.249445
0.281415
0.518942
0.391457
0.139551
0.155667
0.303349
0.431727
0.656319
0.327897
0.53703
0.378375
0.861912
1.9472
0.836001
0.361058
0.379006
1.05121
0.112173
0.323199
0.560621
0.4624
1.00662
0.452479
0.262626
1.19872
0.271319
0.183929
0.487814
0.347562
0.534543
0.301721
0.351205
0.214321
0.265009
0.613079
0.210465
0.58218
1.30522
0.42044
0.15564
0.398075
0.286252
0.528477
0.176673
0.478069
0.946946
0.347036
0.866259
0.592836
0.148225
0.518802
0.315208
0.806108
0.565494
0.70431
0.985445
0.248183
0.316469
0.518872
0.568929
0.800288
0.419809
1.14067
1.13997
0.698597
0.983272
0.467282
0.405927
1.01031
0.875926
0.266042
1.19367
0.412097
0.742555
0.601997
0.246641
0.606858
0.178784
1.14279
0.300765
0.128699
0.275357
0.816763
1.3388
0.369211
0.636864
0.432008
0.475965
0.728244
0.863316
0.749458
0.504395
0.13615
0.42065
0.346405
0.355169
0.607699
0.58232
0.928294
0.202994
0.184385
0.312021
0.232339
0.37543
0.851816
0.431482
0.736418
1.00017
0.415041
0.165315
0.340726
1.15114
0.4813
0.461733
0.564092
0.357693
0.356571
0.405787
0.258055
1.07504
0.662384
0.488795
0.0920253
0.406096
0.320073
0.23609
0.243556
0.267393
0.365264
0.899665
0.448215
