0.380476
0.489561
0.554827
0.551156
0.545134
0.708417
0.423146
0.179765
0.547907
0.727916
0.577424
0.651064
0.379967
0.604092
0.666205
0.389452
0.452052
0.500801
0.529821
0.618716
0.448152
0.295908
0.547256
0.652442
0.481367
0.240795
0.446391
0.432092
0.0276045
0.383
0.423489
0.64831
0.0885518
0.570627
0.849389
0.544388
0.632139
0.491739
1.05012
0.359349
0.371199
0.373709
0.250286
0.424177
0.665746
0.412822
0.0552375
0.581416
0.340673
0.546682
0.190296
0.637496
0.368662
0.527183
0.389858
0.991164
0.211718
0.0770817
0.0766212
0.0664633
0.318994
0.0856981
0.0918805
0.409496
0.612351
0.401925
0.492542
0.289399
0.524431
0.420243
0.068823
0.587059
0.286132
0.343736
0.0869466
0.420736
0.35524
0.580176
0.45036
0.393873
0.146823
0.0436752
0.759345
0.221609
0.493116
0.537621
0.0961226
0.124875
0.262043
0.521591
0.092568
0.403072
0.24286
0.486233
0.595088
0.0894692
0.660586
0.117688
0.414256
0.306606
0.213842
0.469832
0.680917
0.549207
0.489932
0.354491
0.0944247
0.317962
0.0458832
0.437457
0.586142
0.591704
0.496557
0.800238
0.340444
0.303853
0.455149
0.499424
0.615506
0.69752
0.29743
0.380877
0.573982
0.18221
0.660012
1.55192
0.249295
0.330006
0.334283
0.587862
0.838754
0.787218
0.555629
0.394928
0.313947
0.806948
0.658377
0.538998
0.136327
0.333299
0.131704
0.473932
0.533032
0.173434
0.276164
0.359219
0.496902
0.816927
0.610229
0.216361
0.0426697
0.35005
0.438613
0.387243
0.312571
0.405023
0.42521
0.494951
0.507799
0.411101
0.660011
0.385178
0.517117
0.174294
0.738928
0.301507
0.0811121
0.494085
0.74753
0.336428
0.225136
0.476545
0.143609
0.0899991
0.160587
0.375506
0.632138
0.332186
0.440008
0.521161
0.158292
0.337576
0.428766
0.505677
0.240622
0.242515
0.482333
0.334709
0.209567
0.196877
0.323583
0.702767
1.28091
0.822364
0.253612
0.100252
0.384375
0.525807
0.713349
0.380821
1.12869
0.543137
0.108998
0.355585
0.25929
0.189079
0.485374
0.0785514
0.344801
0.32232
0.443219
0.432208
0.551787
0.386756
0.551387
0.91523
1.47625
0.221266
0.395846
0.383706
0.584503
0.236979
0.544848
0.0673319
0.122123
0.12808
0.175613
0.489674
0.358355
0.122993
0.986461
0.555745
0.0393421
0.573524
0.158424
0.511469
0.340242
0.101274
0.601627
0.298807
0.0812986
0.671367
0.501834
0.212969
0.51858
0.339639
0.0786538
0.346064
0.440695
0.414199
0.22746
0.378867
0.393164
0.274909
0.304083
0.368202
0.296741
0.30258
0.434272
0.492772
0.463522
0.2231
0.701419
0.569991
0.407661
0.0950622
0.365105
0.53527
0.0975284
0.166615
0.0341806
0.388092
0.761869
0.554712
0.591877
0.28917
0.318306
0.499679
0.588664
0.593665
0.535873
0.261296
0.0917642
0.137967
1.18479
0.981127
0.207634
0.928795
0.42544
0.377035
0.339365
0.084947
0.422918
0.419906
0.546913
0.390913
0.54519
1.02787
0.481531
0.599065
0.501765
0.59073
0.814978
0.524774
1.0788
0.920735
0.582701
0.170796
0.27278
0.473157
0.542227
0.320829
0.282977
0.490477
0.514565
1.2216
0.623536
0.393882
0.424809
0.261183
0.545421
0.373594
0.489789
0.447922
0.0566276
0.175793
0.14678
0.199784
0.317503
0.138215
0.502689
0.18023
0.490707
1.03624
0.47376
0.388763
0.354666
0.624109
0.410743
0.82725
0.500456
0.609169
0.269442
0.678593
0.01147
0.559805
0.0860303
0.143055
0.422686
0.55735
0.721126
0.559443
0.548912
0.561594
0.303968
0.607844
0.785957
0.700014
0.302706
0.35352
0.199156
0.490822
0.114705
0.69947
0.733995
0.578542
0.411216
0.320369
0.414657
0.110337
0.123766
0.316585
0.624261
0.597459
0.0998621
0.667755
0.597727
0.58164
0.253526
0.462605
0.352602
0.315725
0.493804
0.470403
0.714266
0.740763
0.237248
0.341246
0.310942
0.432724
0.323926
0.285185
0.529707
0.607637
0.138678
0.137073
0.15304
0.750743
0.176875
0.766113
0.624108
0.263478
0.711801
0.619177
0.441866
0.481157
0.571689
0.36763
0.502975
0.547508
0.235719
0.186775
0.643064
0.637496
0.665976
0.0456506
0.764851
0.420078
0.306778
0.105413
0.257474
0.205592
0.60891
0.381048
0.452855
0.0565117
0.60782
0.248949
0.493185
0.0729518
0.363384
0.105095
0.987837
0.527398
1.01181
0.644182
0.274882
0.535184
0.358395
0.455952
0.286188
0.115193
0.0625658
0.409926
0.343598
0.028506
0.176188
0.273226
1.00803
0.501719
0.387702
0.617685
0.843997
0.210598
0.228098
0.518351
0.24716
0.592073
0.308327
0.527136
0.196031
0.1131
0.426931
0.596465
0.220692
0.478233
0.397223
0.554483
0.369579
0.457557
0.360839
0.483386
0.610574
0.323123
0.372161
0.410643
0.666769
0.383
0.551501
0.368805
0.431433
0.568476
0.500096
0.396879
0.821917
0.377493
0.468224
0.522968
0.286534
0.463693
0.490019
0.263051
0.182383
0.28814
0.0656571
0.0784581
0.437756
0.682647
0.174008
0.0799492
0.392175
0.422402
0.306033
0.224535
0.124612
0.353634
0.0851111
0.538951
0.395617
0.142003
0.348674
0.299609
0.433986
0.310851
0.357214
0.893837
0.257398
0.484856
0.283206
0.496557
0.860974
0.242223
0.0432706
0.935008
1.1428
0.429368
0.410413
0.546935
0.385637
0.307409
0.497819
0.16896
0.37887
0.512042
0.673405
0.421539
0.266574
0.621929
0.341164
0.456066
0.0382645
0.0434051
0.0767144
0.31475
0.43301
0.505933
0.0946317
0.483653
0.541842
0.450905
0.279764
0.459135
0.37497
0.340476
0.604954
0.590958
0.453198
0.464795
0.477459
0.275291
0.635808
0.534582
0.190264
0.538653
0.179988
0.333907
0.283275
0.619177
0.372446
0.790659
0.432404
0.314635
0.709335
0.245354
0.0957792
0.476713
0.325303
0.402701
0.387816
0.621813
0.0731809
0.276472
0.271033
0.465473
0.218772
0.232129
0.723442
0.181808
0.493411
0.0994486
0.600411
0.364761
0.676413
0.396075
0.725147
0.669045
0.548977
0.499079
0.626976
0.30718
0.518351
0.984969
0.632137
0.0196629
0.910985
0.346279
0.465127
0.374167
0.362795
0.275406
0.497359
0.30024
0.0763503
0.643838
0.336774
0.33934
0.74647
0.270377
0.586027
0.304425
0.14974
0.702681
0.518121
0.356157
0.790317
0.469486
0.0963536
0.112764
0.02294
0.221496
0.146424
0.0804784
0.318438
0.299293
0.068914
0.590614
0.659421
0.499063
0.296282
0.773224
0.3869
0.441757
0.54783
0.584822
0.665862
0.730325
0.400779
0.152013
0.229731
0.724901
0.265397
0.601971
0.199816
0.665775
0.290203
0.533463
0.707499
0.512317
1.0827
0.484926
0.757969
0.0699397
0.0761175
0.508716
0.840786
0.403188
0.462366
0.0692064
0.0505398
0.484398
0.0762772
0.354724
0.562512
0.460883
0.511354
0.303623
0.491739
0.321517
0.462576
0.445284
0.523857
0.544274
0.396878
0.940579
0.12044
0.463178
0.269786
0.428835
0.467208
0.18066
0.153528
0.483136
0.198258
0.0844072
0.256847
0.129042
0.609312
0.208449
0.434186
0.041686
0.139116
0.148873
0.448569
0.104313
0.112869
0.464014
0.0476007
0.02294
0.4224
0.430602
0.499625
0.299896
0.0850568
0.708875
0.571574
0.549551
0.0975374
0.02294
0.0555093
0.169994
0.15945
0.180729
0.531083
0.417066
0.174581
0.293472
0.138449
0
0.0219086
0.179858
0.367629
0.18517
0.315818
0.364761
0.349449
0.564347
0.843195
0.640167
0.118147
0.418788
0.423145
0.54026
0.666722
0.341619
0.151181
0.3947
0.292583
0.611261
0.547829
0.653558
0.67868
0.387215
0.595891
0.518924
0.110117
0.428995
0.460998
0.370955
0.495672
0.39229
0.516975
0.220022
0.524889
0.309703
0.367054
0.750169
0.580865
0.42326
0.495641
0.560562
0.315799
0.244872
0.505045
0.438814
0.379705
0.395617
0.344458
0.0362301
0.100406
0.777355
0.572507
1.00642
0.439664
0.0863685
0.103464
0.937253
0.316723
0.209738
0.388948
0.333907
0.269556
0.486234
0.290775
0.680887
0.500572
0.370841
0.483825
0.348243
0.385981
0.418186
0.516515
0.369578
0.903988
0.302362
0.594515
0.512845
0.422916
0.707728
0.394469
0.560426
0.245129
0.86063
0.576133
0.36132
0.384118
0.013764
0.419544
0.413624
0.359369
0.53051
0.417225
0.61038
0.398657
0.402384
0.710842
0.427161
0.388506
0.998047
0.518457
0.453887
0.360115
0.674378
0.487267
0.347784
0.429454
0.38329
0.454805
0.367471
0.0572936
0.259635
0.219349
0.586887
0.41397
0.468454
0.137818
0.356915
0.503783
0.103397
0.481564
0.389767
0.452166
0.341674
0.416378
0.421999
0.20452
0.488183
0.318822
0.406881
0.505454
0.432896
0.487725
0.566411
0.206641
0.430602
0.539915
0.593483
0.379328
0.387973
0.220118
0.816583
0.464898
0.603478
0.606559
0.306262
0.452395
0.465816
0.179415
0.67369
0.299607
0.0509269
0.18628
0.214915
0.292726
0.561766
0.433981
0.545421
0.461114
0.345376
0.19703
0.0565001
0.205092
0.581989
0.489101
0.585338
0.385522
0.115623
1.3294
0.651262
0.363384
0.690724
0.54611
0.372332
0.321564
0.308103
0.584191
0.519497
0.395731
0.137242
0.116312
0.0727798
0.599677
0.327942
0.834936
0.698437
0.37692
0.233498
0.253527
0.440426
0.384806
0.303281
0.316978
0.421555
0.752922
0.614588
0.370512
0.473226
0.560219
0.537047
0.623994
0.769439
0.0241175
0.334565
0.251434
0.73411
0.58121
0.0714597
0.104925
0.318374
0.623535
0.0920968
0.356637
0.3128
0.281256
0.208534
0.122591
0.175355
0.302935
0.575282
0.407202
0.30351
0.384949
0.146976
0.12434
0.35937
0.199414
0.103157
0.116913
0.0474871
0.284124
0.652786
0.0756193
0.467078
0.403991
0.422848
0.131457
0.29915
0.072606
0.166129
0.34678
0.0860285
0.410949
0.106469
0.0458828
0.428652
0.366482
0.0629954
0.340329
0.462214
0.408189
0.655537
0.531828
0.407318
0.531107
0.348245
0.438172
0.537851
0.683526
0.99667
0.285529
0.602975
0.532459
0.563573
0.638332
0.602716
0.594458
0.461113
0.440724
0.715156
0.12223
0.303114
0.487695
0.427046
0.0731807
0.43129
0.408463
0.671941
0.617801
0.55024
0.0957629
0.213236
0.759839
0.0755897
0.445972
0.497244
0.36935
0.345949
0.103235
0.361549
0.757739
0.303508
0.38959
0.337118
0.431175
0.487266
0.352115
0.301559
0.379903
0.367055
0.62342
0.317461
0.551386
0.379215
0.278463
0.870036
0.259515
0.0295013
0.459393
0.331469
0.559358
0.120854
0.227345
0.545765
0.336957
0.451872
0.412708
0.566642
0.515599
0.454088
0.311252
0.204519
0.419934
0.102443
0.15912
0.195113
0.638331
0.437828
0.722181
0.302973
0.805916
0.394532
0.123944
0.195916
0.499482
0.209221
0.225095
0.100138
0.0938134
0.156705
0.663748
0.271567
0.686966
0.316585
0.457214
0.562076
0.243518
0.210942
0.568735
1.11367
0.972467
0.590375
0.503095
0.0754294
0.333331
0.460855
0.293013
0.50711
0.0746723
0.419554
0.441154
0.272079
0.383946
0.174122
0.340788
0.420737
0.323811
0.450692
0.715462
0.191929
0.757998
0.269785
0.668385
0.425868
0.0960649
0.651982
0.110118
0.762442
0.475191
0.129616
0.432539
0.464469
0.432437
0.373594
0.559223
0.50331
0.375429
0.425097
0.416263
0.662764
0.38644
0.885291
0.304885
0.569509
0.181692
0.746728
0.128786
0.418984
0.257803
0.0798094
0.233195
0.0878346
0.322999
0.550067
1.02158
0.47475
0.80439
0.10265
0.105873
0.584192
0.055134
0.0379572
0.0584875
0.663158
0.48239
0.506438
0.52738
0.00906148
0.393094
0.32255
0.0285603
0.820254
0.761662
0.209996
0.496985
0.110805
0.720117
0.558498
0.525032
0.799377
0.417755
0.226656
0.530738
0.501651
0.379559
0.41936
0.714725
0.759346
0.160816
0.511269
0.585769
0.851339
0.42739
0.643035
0.733193
0.435189
0.52314
0.27747
0.447779
0.46464
0.0912846
0.249015
0.506966
0.321316
0.0375398
0.0469131
0.017205
0.55658
0.354352
0.467766
0.36912
0.386268
0.103119
0.432896
0.451049
0.31865
0.451018
0.53636
0.523512
0.0474362
0.627779
0.182343
0.459049
0.364302
0.481989
0.722525
0.0169756
0.119408
0.224994
0.2266
0.722238
0.39034
0.530853
0.326908
0.430143
0.390741
0.669744
0.542323
0.278961
0.177695
0.500718
0.389653
0.474993
0.434014
0.374779
0.256596
0.548861
0.0839915
0.12556
0.297057
0.0697616
0.135719
0.417411
0.757051
0.478219
0.324385
0.421425
0.370267
0.454125
0.373938
0.514452
0.578571
0.433928
0.345233
0.724963
0.293988
0.492427
0.360403
0.620713
0.435206
0.234227
0.10819
0.556318
0.493719
0.661502
0.149089
0.762557
0.657832
0.159439
0.175269
0.651524
0.659617
0.536067
0.39229
0.419361
0.365908
0.197293
0.315208
0.306276
0.721378
0.828742
0.459622
0.656252
0.230969
0.232106
0.395173
0.561823
0.152558
0.451019
0.629213
0.119995
