0.214398
0.340427
0.130873
0.0838371
0.117395
0.206116
0.244167
0.592938
0.109282
0.145328
0.341554
0.188379
0.164565
0.12974
0.200822
0.15236
0.417545
0.369024
0.210022
0.256746
0.256668
0.0617017
0.133686
0.502397
0.246321
0.282042
0.233404
0.193224
0.533026
0.285812
0.0970416
0.328629
0.215023
0.14398
0.357616
0.224555
0.0675853
0.348865
0.3223
0.0654051
0.178199
0.2252
0.164002
0.228071
0.0107043
0.150407
0.256096
0.318315
0.0610221
0.179238
0.211593
0.126442
0.0564123
0.0212523
0.128996
0.566545
0.695992
0.412438
0.0532088
0.294674
0.162498
0.367194
0.640771
0.051568
0.205569
0.155782
0.195255
0.340427
0.254715
0.352898
0.133842
0.18752
0.121126
0.201912
0.201506
0.340739
0.296907
0.292297
0.319487
0.311658
0.346053
0.127632
0.469034
0.103527
0.21432
0.355038
0.0998544
0.262424
0.318292
0.297688
0.39012
0.149469
0.157224
0.110332
0.218461
0.291781
0.192911
0.123529
0.264169
0.327457
0.162138
0.417545
0.250222
0.213245
0.200353
0.270209
0.380815
0.315456
0.502944
0.168475
0.0287531
0.223911
0.566935
0.203459
0.200178
0.243131
0.037504
0.142281
0.143922
0.405668
0.205959
0.112941
0.348729
0.197412
0.191192
0.332033
0.117081
0.109387
0.204263
0.105871
0.331174
0.625223
0.508961
0.294797
0.0666477
0.282569
0.219691
0.19351
0.270029
0.110668
0.22091
0.323062
0.267157
0.0685229
0.0784741
0.125132
0.245729
0.230259
0.0786803
0.209026
0.224165
0.103195
0.190402
0.0657883
0.110715
0.255496
0.04688
0.21307
0.105402
0.0708669
0.455406
0.124076
0.137886
0.0242604
0.350272
0.520411
0.281414
0.0880467
0.300501
0.0500835
0.900208
0.206226
0.123946
0.196896
0.413638
0.226977
0.244557
0.0787584
0.225883
0.0819814
0.579882
0.108469
0.365508
0.127045
0.106711
0.198888
0.330035
0.22393
0.43114
0.305322
0.265966
0.219691
0.370039
0.211476
0.228915
0.363086
0.345506
0.345904
0.195568
0.409184
0.354569
0.0765034
0.256375
0.114465
0.150836
0.591844
0.04688
0.172332
0.0772739
0.1554
0.0803992
0.162439
0.439676
0.263509
0.280967
0.366289
0.172284
0.639385
0.0789147
0.400479
0.292129
0.810321
0.136421
0.2369
0.17606
0.414607
0.383713
0.00859467
0.207282
0.257151
0.392151
0.186192
0.206975
0.200959
0.302215
0.292297
0.146148
0.254526
0.316753
0.319018
0.174862
0.156735
0.129311
0.403689
0.156267
0.326832
0.133139
0.270419
0.41231
0.444422
0.0946976
0.224718
0.108075
0.12793
0.14189
0.0803211
0.276748
0.0623504
0.276358
0.357538
0.522087
0.113918
0.275733
0.086353
0.13728
0.280518
0.0625067
0.126342
0.221033
0.254303
0.458174
0.04688
0.0907128
0.0618816
0.0828213
0.274873
0.448329
0.104818
0.0828995
0.095307
0.580199
0.106418
0.209319
0.249027
0.503335
0.0598359
0.200682
0.203459
0.248308
0.168534
0.201865
0.288078
0.102745
0.154821
0.0664915
0.199787
0.305267
0.48304
0.219555
0.265445
0.112137
0.184317
0.423248
0.233541
0.123216
0.394495
0.407465
0.287296
0.0430124
0.157204
0.298827
0.135718
0.115872
0.34324
0.265575
0.336364
0.224711
0.225346
0.155056
0.0765707
0.288937
0.399496
0.263934
0.130717
0.212695
0.183937
0.485734
0.253319
0.194786
0.270814
0.123512
0.0593032
0.300794
0.32105
0.567248
0.115559
0.12642
0.206741
0.144244
0.202662
0.146422
0.113743
0.0507867
0.166965
0.209046
0.399558
0.407622
0.28637
0.164158
0.368321
0.306689
0.625379
0.786379
0.230493
0.273154
0.151469
0.176316
0.115032
0.106183
0.337067
0.149723
0.188536
0.0352381
0.620066
0.29175
0.234107
0.11134
0.186739
0.0312533
0.134828
0.335192
0.520033
0.0591469
0.13215
0.105668
0.18752
0.0717264
0.230708
0.23106
0.264013
0.112972
0.158279
0.201115
0.0312533
0.102745
0.267997
0.105246
0.0265653
0.171568
0.121917
0.363711
0.133139
0.190802
0.30847
0.182539
0.166893
0.356732
0.35535
0.351541
0.423873
0.240338
0.271904
0.203342
0.206741
0.175678
0.0784068
0.158767
0.105793
0.333946
0.307189
0.314643
0.23184
0.485267
0.337871
0.221195
0.553731
0.257762
0.167127
0.212952
0.0571936
0.135119
0.113511
0.170057
0.195177
0.0897752
0.285734
0.173222
0.103993
0.483005
0.129233
0.67054
0.310248
0.22518
0.0518317
0.352225
0.411997
0.121782
0.136521
0.344392
0.232681
0.309799
0.213656
0.099343
0.298333
0.210726
0.336598
0.0780552
0.140249
0.252136
0.121784
0.451376
0.327222
0.197365
0.284327
0.172451
0.146109
0.494291
0.504563
0.221086
0.176331
0.264481
0.367956
0.470988
0.631005
0.204241
0.19965
0.270693
0.521306
0.370118
0.161423
0.604893
0.0660439
0.22057
0.252996
0.143394
0.232212
0.188254
0.169784
0.239713
0.229946
0.446532
0.153344
0.259548
0.646241
0.497924
0.24326
0.467472
0.229067
0.609362
0.363496
0.198771
0.0447704
0.182051
0.190802
0.37529
0.189161
0.135249
0.254871
0.178378
0.223305
0.187833
0.0962212
0.155329
0.253293
0.168697
0.578265
0.38077
0.179925
0.22643
0.309486
0.275537
0.19799
0.242682
0.145406
0.172529
0.140933
0.103136
0.441063
0.275967
0.226587
0.39473
0.198302
0.485208
0.31711
0.395511
0.177324
0.291359
0.179644
0.0592251
0.303626
0.157751
0.214632
0.0931349
0.414497
0.291485
0.249011
0.293313
0.394026
0.328026
0.257527
0.183699
0.35969
0.125669
0.15447
0.0618816
0.127338
0.318931
0.115735
0.205194
0.0472707
0.0694605
0.0889548
0.232837
0.399016
0.204162
0.387698
0.298782
0.234634
0.184531
0.117434
0.39637
0.154294
0.54334
0.147203
0.0982733
0.317456
0.260372
0.149547
0.384338
0.0968853
0.128571
0.139312
0.536229
0.08204
0.41481
0.128061
0.255262
0.105128
0.0176386
0.369805
0.325816
0.128317
0.464903
0.248386
0.0976862
0.233328
0.1172
0.0689136
0.237079
0.151833
0.25062
0.171893
0.172675
0.527681
0.211161
0.070027
0.0578968
0.144859
0.212572
0.232447
0.122669
0.598111
0.612487
0.0269895
0.673353
0.0749745
0.012892
0.191427
0.141243
0.255105
0.145562
0.095518
0.20302
0.103136
0.349412
0.240436
0.188633
0.385287
0.0639912
0.459854
0.288542
0.229243
0.183066
0.440438
0.533807
0.208538
0.253152
0.116916
0.57678
0.149078
0.399886
0.190574
0.163595
0.0203342
0.270498
0.209007
0.271368
0.238217
0.1172
0.240729
0.159548
0.127221
0.423405
0.365605
0.252293
0.223383
0.244557
0.0423092
0.142562
0.348519
0.235045
0.192364
0.275086
0.0907714
0.120794
0.245007
0.262919
0.112114
0.515602
0.210397
0.195333
0.134399
0.404152
0.370039
0.579124
0.243385
0.120171
0.338738
0.150081
0.35621
0.352538
0.120755
0.395589
0.203694
0.125638
0.217367
0.33777
0.444657
0.176503
0.101651
0.182676
0.279014
0.238619
0.521071
0.263131
0.0797741
0.126654
0.13635
0.178077
0.408706
0.315394
0.0947757
0.126007
0.363715
0.20946
0.451298
0.538964
0.656261
0.271142
0.275085
0.400642
0.404897
0.0854906
0.252714
0.313862
0.119879
0.331207
0.166033
0.299212
0.0370352
0.309896
0.160134
0.166782
0.158142
0.0614128
0.144937
0.0477916
0.109465
0.0811934
0.262137
0.504927
0.329129
0.330504
0.245339
0.152985
0.0546933
0.118059
0.0997763
0.22604
0.0987605
0.0653195
0.129784
0.140461
0.187461
0.15236
0.120364
0.536776
0.181973
0.173769
0.356522
0.194708
0.277905
0.238092
0.315854
0.345584
0.217523
0.565549
0.146187
0.0757893
0.228716
0.195841
0.207678
0.11931
0.159861
0.430851
0.177675
0.131733
0.138062
0.350093
0.104402
0.369961
0.127759
0.0177363
0.0610221
0.28128
0.373712
0.367617
0.20174
0.276983
0.0927443
0.210424
0.126248
0.0781333
0.1803
0.197968
0.134624
0.11509
0.29454
0.578551
0.359335
0.182966
0.386447
0.197521
0.212152
0.295969
0.472082
0.15512
0.33027
0.241901
0.266903
0.23104
0.254715
0.238229
0.22143
0.430046
0.0543808
0.16197
0.091416
0.484843
0.274541
0.0544589
0.218773
0.160251
0.19713
0.133452
0.217133
0.115481
0.280733
0.261669
0.249542
0.149029
0.394886
0.207034
0.253386
0.306126
0.30247
0.774129
0.226274
0.0824307
0.348787
0.162557
0.273235
0.233755
0.238463
0.471211
0.165643
0.13185
0.285499
0.130969
0.187286
0.189044
0.489779
0.303782
0.19463
0.226704
0.14869
0.146734
0.0894236
0.205217
0.107472
0.138296
0.0759456
0.126029
0.09376
0.352069
0.280671
0.028128
0.200184
0.3808
0.374102
0.133686
0.230394
0.193927
0.2662
0.140249
0.467081
0.106183
0.0816181
0.250071
0.0493021
0.426374
0.138843
0.252644
0.201584
0.542089
0.0483645
0.196427
0.226599
0.106808
0.400433
0.14861
0.132871
0.209163
0.161814
0.0583656
0.110559
0.290145
0.213656
0.15611
0.381213
0.0312533
0.225117
0.145015
0.211487
0.110306
0.188868
0.230181
0.171112
0.316909
0.401218
0.217445
0.0856376
0.130717
0.151813
0.0369571
0.416451
0.476682
0.115794
0.182363
0.173983
0.266806
0.155798
0.0698788
0.0942151
0.108058
0.0835245
0.0904784
0.311559
0.31855
0.221039
0.358398
0.053326
0.079696
0.0291437
0.214945
0.147257
0.754709
0.12277
0.333434
0.125443
0.192342
0.17071
0.175487
0.139077
0.167563
0.151282
0.19463
0.171893
0.267529
0.189708
0.154949
0.274131
0.112903
0.473254
0.168846
0.325503
0.373207
0.379353
0.294485
0.254971
0.322122
0.0625067
0.232759
0.268756
0.0699684
0.332759
0.308939
0.0587042
0.276592
0.406717
0.13478
0.235754
0.225571
0.0756331
0.142226
0.309564
0.24319
0.68312
0.332692
0.534276
0.369297
0.163455
0.0312533
0.151797
0.308965
0.113997
0.352303
0.327186
0.210081
0.156286
0.0513857
0.325347
0.301048
0.158064
0.499647
0.202752
0.0879
0.232525
0.190802
0.352538
0.21307
0.201193
0.294875
0.203069
0.271357
0.136499
0.0642256
0.245573
0.166365
0.0761214
0.170331
0.319915
0.122982
0.403227
0.0620769
0.132983
0.15236
0.1666
0.500739
0.151757
0.279229
0.16869
0.323003
0.161918
0.214085
0.258231
0.335895
0.208069
0.657124
0.125873
0.290679
0.214476
0.107414
0.0806336
0.122357
0.275107
0.603463
0.162127
0.18377
0.100511
0.122644
0.193614
0.563615
0.218461
0.331852
0.35996
0.216898
0.265185
0.0900877
0.097553
0.331989
0.163025
0.0867159
0.375196
0.192172
0.122919
0.221567
0.118716
0.576331
0.325248
0.0841496
0.255418
0.110543
0.155709
0.0864936
0.129936
0.366914
0.144681
0.177851
0.0830557
0.129076
0.291828
0.178919
0.231743
0.230571
0.204006
0.231275
0.361236
0.410747
0.353645
0.139142
0.195646
0.296457
0.133921
0.892068
0.22979
0.148539
0.467183
0.255027
0.0861489
0.416998
0.111262
0.248542
0.180113
0.31855
0.823816
0.167186
0.227212
0.233228
0.145285
0.321831
0.360413
0.161033
0.262762
0.087314
0.31644
0.262997
0.244216
0.178066
0.329566
0.165545
0.390135
0.0615691
0.136733
0.143218
0.14095
0.274449
0.516032
0.152946
0.0818525
0.114231
0.465025
0.337556
0.163299
0.241666
0.235494
0.24287
0.578577
0.0993504
0.0563146
0.0108605
0.163221
0.399157
0.32148
0.223071
0.270107
0.185332
0.881891
0.305267
0.263934
0.443954
0.208601
0.21893
0.0781333
0.467862
0.156211
0.68149
0.34723
0.120247
0.209533
0.144779
0.0780552
0.211496
0.150254
0.0545772
0.344334
0.0336755
0.306751
0.104548
0.0800527
0.246672
0.415491
0.71281
0.235405
0.281079
0.331207
0.193129
0.345271
0.159626
0.302767
0.126529
0.247058
0.0532252
0.248799
0.272138
0.138882
0.300794
0.183145
0.0874312
0.231197
0.638349
0.205428
0.0766488
0.192599
0.325269
0.15572
0.400043
0.193966
0.0961626
0.194083
0.326519
0.109387
0.245261
0.0804773
0.176855
0.123451
0.0835636
0.25784
0.210753
0.169365
0.0862006
0.103019
0.332763
0.149078
0.399418
0.240762
0.118548
0.109777
0.162283
0.0958696
0.621629
0.0813368
0.17498
0.365798
0.215726
0.294328
0.137905
0.342033
0.320112
0.14038
0.103214
0.177597
0.0776645
0.353553
0.313549
0.180254
0.267763
0.432351
0.131381
0.251199
0.309174
0.189395
0.24026
0.265136
0.180488
0.181347
0.229243
0.259219
0.156449
0.435828
0.294094
0.247819
0.24474
0.304954
0.28128
0.275869
0.459883
0.567072
0.203614
0.258778
0.169706
0.297141
0.127112
0.322769
0.118606
0.10548
0.341539
0.363398
0.265106
0.13458
0.169627
0.221567
0.166014
0.44911
0.235494
0.0517243
0.275936
0.0959031
0.198537
0.327983
0.0551621
0.048345
0.421842
0.177499
0.238463
0.433015
0.102823
0.200568
0.0464112
0.259246
0.0508861
0.144859
0.114153
0.197599
0.296438
0.15822
0.0928502
0.217289
0.126263
0.294485
0.0251828
0.227602
0.184074
0.150836
0.318862
0.294172
0.196037
0.14105
0.363403
