0.203174
0.276616
0.140933
0.266124
0.0141783
0.36608
0.449872
0.219224
0.179308
0.456395
0.635952
0.451291
0.269427
0.0162696
0.155784
0.255952
0.303415
0.339993
0.148447
0.301713
0.22898
0.134797
0.416694
0.584422
0.0941846
0.464796
0.364946
0.0269388
0.0561462
0.300436
0.113427
0.201756
0.000567133
0.103466
0.254642
0.186445
0.275057
0.0767048
0.10733
0.215651
0.174143
0.238621
0.301286
0.0398411
0.107188
0.173259
0.0739739
0.169713
0.130866
0.296751
0.051042
0.087136
0.225432
0.236777
0.311076
0.204026
0.345166
0.0748616
0.0333191
0.0274655
0.409288
0.0986546
0.102935
0.130866
0.386638
0.303698
0.42336
0.213951
0.115695
0.0565388
0
0.31433
0.127605
0.36265
0.127037
0.173683
0
0.616855
0.203104
0.0989364
0.0411172
0.0577167
0.312631
0.212533
0.453275
0.345381
0.271086
0.190934
0.0962567
0.406099
0.0497659
0.00226853
0.208847
0.210249
0.31419
0.008507
0.28385
0.017014
0.532389
0.0545866
0.0582122
0.124769
0.386956
0.324644
0.191408
0.469449
0.04131
0.0888982
0.0463631
0.295507
0.251094
0.300934
0.178646
0.25574
0.122075
0.314967
0.35261
0.344387
0.250813
0.137813
0.390891
0.167268
0.0699701
0.0774988
0.0941441
0.455524
0.167625
0.389756
0.45135
0.289516
0.0889589
0.395145
0.363385
0.420949
0
0.186729
0.0499786
0.459371
0.100453
0.129994
0.140191
0.128456
0.285513
0
0.256138
0.28466
0.196653
0.274347
0.0914503
0.0749679
0.157096
0.421197
0.377739
0.258611
0.363243
0.367782
0.190556
0.170424
0.326239
0.242449
0.270763
0.312487
0.276154
0.042535
0.249396
0.195738
0.0815457
0.305515
0.329501
0.190981
0.724716
0.0873385
0.0107283
0.0649804
0.08507
0.116924
0.241454
0.0762794
0.08507
0.250104
0.0998296
0.230114
0.226853
0.264778
0.250636
0.08507
0.167304
0.122784
0.123777
0.111964
0.274208
0.285939
0.201616
0.489487
0.0122501
0
0.345096
0.239597
0.135545
0.497797
0.204451
0.0566489
0.0531687
0.02226
0.008507
0.034028
0.174074
0.0879701
0.00212675
0.0567133
0.0212675
0.0283567
0.319008
0.422214
0.095562
0.137955
0.00694738
0
0.133843
0.599423
0.290938
0.0367219
0.227562
0.106337
0.0756178
0.0803911
0.114419
0.14632
0.164643
0.132816
0.0476392
0.148872
0.0927263
0.0784062
0.104434
0.170424
0.0870904
0.181481
0.120799
0.068056
0.0752869
0.0231107
0.187012
0.143674
0.244716
0
0.0486114
0.35885
0.514242
0.330067
0.262863
0.326115
0.293259
0.272079
0.336589
0.0795405
0.242307
0.222287
0.0301998
0.341268
0.336449
0.108039
0.270378
0.274179
0.115837
0.169289
0.288951
0.238619
0.0271382
0.108271
0.0567133
0.195575
0.112576
0.053027
0.280588
0.0894653
0.527851
0.314208
0.378131
0.068056
0.523705
0.0703245
0.13512
0.0900041
0.319153
0.106905
0.056408
0.287456
0.030767
0.360835
0.255378
0.338453
0.326949
0.376323
0.0866296
0.482764
0.420948
1.01009
0.437538
0.38574
0.282089
0.220898
0.105061
0.155678
0.119665
0.192966
0.169715
0.139373
0.146618
0.0431021
0.119706
0.452709
0.150574
0.0567133
0.306676
0.204735
0.173117
0.26648
0.0576349
0.269385
0.184601
0.0283567
0.161633
0.233941
0.0204168
0.0525611
0.0549862
0.0607643
0.219905
0.0473063
0.0820152
0.106657
0.147064
1.79821
0.405884
0.315553
0
0.256483
0.377547
0.337298
0.184318
0.3155
0.0283567
0.229164
0.0141783
0.238876
0.115553
0.0486114
0.0769883
0.159363
0.384129
0.186941
0.516851
0.145895
0.239755
0.0817523
0.191152
0.394506
0.308802
0.24727
0.207677
0.0567133
0.0283567
0.32624
0.0389904
0.26148
0.0283567
0
0.165461
0.0364586
0.0567133
0.104515
0.158797
0.398028
0.0318162
0.251486
0.0876221
0.247977
0.051361
0.362394
0.27052
0.228837
0.128456
0.217921
0.336589
0.233375
0.176518
0.308235
0.356473
0.272221
0.193958
0.273603
0.231816
0.325218
0.0685345
0.0707499
0.0852938
0.1622
0.0538068
0.202325
0.28328
0.279171
0.185665
0.255207
0.197639
0.194066
0.168864
0.170282
0.49721
0.447236
0.285691
0.296827
0.315713
0.151485
0.373311
0.288101
0.074578
0.298485
0.120055
0.0381397
0.159081
0.129561
0.522962
0.0663546
0.221393
0.0434802
0.106479
0.0649759
0.685656
0.0567133
0.29122
0.10677
0.187438
0.179763
0.26088
0.0243867
0.109173
0.0550472
0.067737
0.150999
0.163051
0.523705
0.118634
0.236281
0.0638025
0.0459378
0.0283567
0.144903
0.802625
0.281438
0.16773
0.411593
0.17014
0.04055
0.219966
0.0368637
0.11293
0.218749
0.278857
0.322571
0.161775
0.109362
0.27364
0.680267
0.117255
0.335703
0.147738
0.239187
0.50265
0.174961
0.535678
0.227677
0.184743
0.351901
0.216077
0.0871967
0.33227
0.0802494
0.360833
0.418751
0.276901
0.133985
0.442419
0.257336
0.32943
0.236746
0.707914
0.189919
0.0666382
0.196404
0.239472
0.321561
0.00893235
0.136396
0.475025
0.0626682
0.0930453
0.197457
0.12959
0.0839357
0.0612504
0.207358
0
0.042535
0.0835242
0.105345
0.0725931
0.30727
0.211966
0.310502
0.191087
0.220757
0.19325
0.288951
0.37246
0.477448
0.154402
0.460929
0.0253792
0.380684
0.185027
0.0478519
0.0525307
0.221849
0.445903
0.238196
0.227704
0.32088
0.397839
0.199203
0.168864
0.198355
0.171841
0.47029
0.450603
0.271655
0.172409
0.345522
0.0458163
0.419105
0.0756272
0.122991
0.151499
0.0871968
0.215794
0.0530624
0.145097
0.262011
0.163929
0.207429
0.255207
0.215865
0.173968
0.282673
0.345806
0.267967
0.250388
0.420155
0.158018
0.108606
0.150149
0.120374
0.0873123
0.194952
0.132527
0.291929
0.160442
0.119098
0.337722
0.138239
0.163182
0
0
0.252444
0.0370054
0.253508
0.0938606
0.196192
0.19162
0.285832
0
0.133317
0.0977773
0
0.187685
0.0961291
0.0710335
0.227985
0.114419
0.160357
0.508709
0.359701
0.326949
0.511433
0.185696
0.230963
0.0518927
0.166737
0.38398
0.08507
0.183042
0.122359
0.189138
0.0692713
0.186445
0.162058
0.521897
0.144619
0.228958
0.460932
0.19481
0.0873031
0.0328051
0.24273
0.052318
0.371432
0.20906
0.0243057
0.319647
0.113426
0.0405095
0.141783
0.182333
0.585558
0.0299163
0.199915
0.0243057
0.0619702
0.133418
0.155394
0.106338
0.0212675
0.13742
0.148234
0.049454
0.352471
0.247675
0.25922
0.365903
0.23139
0.257335
0.362817
0.217495
0.274562
0.21466
0.197504
0.112434
0.0212675
0.0801359
0.100018
0.132922
0.272365
0.0212675
0.198745
0.129306
0.24851
0.011768
0.264821
0.211398
0.168778
0.214234
0.0531687
0.147511
0.487585
0.2226
0.339001
0.137995
0.18407
0.207996
0.725921
0.0436693
0.309369
0.244291
0.0996737
0.299868
0.246558
0.587685
0.166735
0.296145
0.0662128
0.246136
0.364237
0.267686
0.0511838
0.188734
0.20289
0.198496
0.29234
0.345624
0.0691725
0.0287929
0.1717
0.0235765
0.0635148
0.366562
0.08507
0.223308
0.042535
0.0212675
0
0.163429
0.0422692
0.111558
0.0727348
0.0758824
0.187882
0.0283567
0
0.202041
0
0.218593
0.10889
0.0413841
0.216929
0.135828
0.156671
0.0457488
0.0199914
0.0284984
0.0316177
0.152653
0.034028
0.171558
0.0886146
0.267687
0.05565
0.0613922
0.108181
0.057564
0.130015
0.132
0.130022
0.218922
0.112186
0.100383
0.15068
0.301997
0.430165
0.0388486
0.325389
0.117822
0.156529
0.650138
0.518814
0.328933
0.373737
0.177903
0.32227
0.109599
0.336661
0.0279668
0.161739
0.113568
0.272363
0.151041
0.250245
0.127463
0.43853
0.469702
0
0.0310505
0.206129
0.222883
0.068056
0
0.194526
0.0646532
0.255919
0.0833686
0.0106337
0.307585
0.144789
0.216645
0.466602
0.165522
0.270377
0.134269
0.0364586
0.0336499
0.386213
0.139515
0.177229
0.0740109
0.017014
0.0283567
0.254785
0.104363
0.396209
0.402255
0.489712
0.155962
0.268109
0.3278
0.0623847
0.141783
0.131575
0.348783
0.192825
0.47407
0.347932
0.282005
0.141358
0.079824
0.140082
0.251096
0.24656
0.245142
0.109173
0.323547
0.331599
0.193183
0.130724
0.21395
0.384086
0.155678
0.0527434
0.1698
0.414286
0.0887564
0.365088
0.179626
0.236133
0.380257
0.414003
0.114601
0.218205
0.300188
0.314048
0.532106
0.0700764
0.494463
0.166949
0.173543
0.161917
0.349775
0.126165
0.0513256
0.103945
0
0.0638025
0.26736
0.149085
0.290369
0.173259
0.14547
0.468134
0.0815254
0.093415
0.234548
0.532814
0.179071
0.402761
0.183751
0.286399
0.0395575
0.0707499
0.328707
0.057167
0.24986
0.196086
0.379408
0.301145
0.467949
0.0819508
0.77356
0.13115
0.371185
0.195931
0
0.132567
0.0633771
0.313296
0.218061
0.336307
0.0690485
0.0681978
0.132449
0.212248
0.056288
0.0822343
0.307099
0.0464018
0.0978305
0.171415
0.244374
0.177902
0.290087
0.201899
0.193228
0.13279
0.170494
0.0407202
0.042535
0.0964127
0.167588
0.0509002
0.176838
0.0427781
0.221667
0.404716
0.222564
0.511971
0.486792
0.29737
0.263855
0.202892
0.262332
0.0720593
0.0283567
0.129165
0.235785
0.212249
0.144619
0.124769
0.0504749
0.266459
0.540507
0.261313
0.477023
0.234011
0.310258
0.33987
0.48234
0.138806
0.209696
0.401949
0.263431
0.21168
0.118106
0.235359
0.104377
0.378983
0.217777
0.152558
0.429739
0.0216928
0.0644985
0.400165
0.0467885
0.115425
0.0390321
0.332761
0.371468
0.0974052
0.0946404
0.0435984
0.223875
0.267212
0.144194
0.213281
0.0219764
0.127605
0.0283567
0
0.129625
0.0816672
0.140578
0.14476
0.0890399
0.0697574
0.14111
0.114561
0.234224
0.121905
0.0679851
0.08507
0.110449
0.0824521
0.324431
0.0212675
0.09991
0.0294342
0.0567133
0.11527
0.222285
0.0714139
0.39089
0.263204
0.226369
0.0869132
0.181412
0.037289
0.37022
0.221891
0.23777
0.594206
0.503181
0.235502
0.25893
0.337298
0.286541
0.577547
0.34935
0.451397
0.121296
0.329974
0.255208
0.560923
0.113447
0.441995
0.368348
0.113427
0.141783
0.329784
0.0758541
0.22033
0.424777
0.3166
0.156286
0.414003
0.275115
0.00893235
0.348996
0.233623
0.271937
0.280303
0.127605
0.49198
0.263149
0.323177
0.366058
0.262866
0.118885
0.190415
0.252443
0.377846
0.0283567
0.19637
0.241739
0.232703
0.369838
0.371645
0.279635
0.233516
0.0736837
0.0453707
0.292
0.162163
0.223095
0.129306
0.12321
0.104636
0.289235
0.339426
0.0493406
0.337016
0.432008
0.143035
0.0174393
0.106337
0
0.197489
0.131812
0.145753
0.631212
0.118814
0.633905
0.119758
0.465893
0.0387919
0.0186381
0.0297745
0.227455
0.0942859
0.154986
0.0594072
0.148125
0.203433
0.345501
0.253857
0.309228
0.210405
0.192116
0.162654
0.512538
0.082761
0.204698
0.323972
0.603565
0.214762
0.18049
0.160187
0.37487
0.103892
0.092301
0.40918
0.112824
0.378721
0.391176
0.0819508
0
0.132369
0.209272
0.407622
0.185878
0.11527
0.338211
0.0317949
0.34336
0.164866
0.323829
0.574305
0.232028
0.222456
0.125195
0.337725
0.533729
0.0330355
0.0647791
0.100595
0.0406918
0.352753
0.231955
0.539019
0.120374
0.320002
0.132142
0.274065
0
0.208845
0.180773
0.404657
0.0896425
0.0110591
0.110166
0.192743
0.0225435
0.0712116
0.122643
0.0914148
0.196047
0.242236
0.087379
0.439837
0.146912
0.0689067
0.126896
0.133985
0.0453707
0.0495117
0.256284
0.0704866
0.395641
0.423278
0.273314
0.0775555
0.280374
0.0748616
0.129874
0
0.317733
0.0638025
0.0934971
0.0957645
0.229402
0.254465
0.40865
0.464617
0.158762
0.0874803
0.601864
0.340275
0.08507
0.0567133
0.175384
0.15823
0.0123351
0.234047
0.253611
0.425202
0.210406
0.230963
0.15426
0.110733
0.231175
0.142492
0.201509
0.319009
0.182358
0.221412
0.103785
0.210546
0.183442
0.305399
0.214482
0.58351
0.16461
0.17411
0.129732
0.124415
0.0357294
0.0443782
0.348783
0.206598
0.102935
0.417547
0.163051
0.142193
0.138948
0.0283567
0.256483
0.277044
0.216218
0.135686
0
0.0589819
0.036013
0.2131
0
0.275626
0.621643
0.426833
0.268924
0.505202
0.314999
0.140507
0.231484
0.177763
0.199643
0.765194
0.0544448
0.305824
0.140602
0.254784
0.114419
0.0688983
0.10323
0.286896
0.0185327
0.0417694
0.46717
0.0669217
0.227015
0.562163
0.288101
0.14547
0.252591
0.231674
0.282287
0.394507
0.190557
0.18205
0.18811
0.333755
0.226144
0.111583
0.131603
0.171293
0.133418
0.129306
0.0506166
0.106338
0.319435
0.268075
0.19481
0.234082
0
0.0283567
0.0567133
0.264808
0.150187
0.159364
0.108039
0.377138
0.018999
0.188005
0.246107
0.209839
0.479079
0.141783
0.170073
0.0973201
0.300124
0.0229689
0.0567133
0.17014
0.0740109
0.33347
0.445711
