0.320321
0.298377
0.065346
0.0251457
0.164085
0.442041
0.398158
0.685357
0.0264809
0.201322
0.271402
0.174095
0.183178
0.0960976
0.251173
0.167928
0.146387
0.191553
0.286686
0.314075
0.335375
0.0958353
0.0760771
0.0810423
0.109825
0.422222
0.308023
0.367247
0.511018
0.4209
0.536695
0.432753
0.404564
0.150632
0.516676
0.62975
0.0941742
0.671229
0.578178
0.0450796
0.17484
0.164445
0.463984
0.715115
0.465905
0.112594
0.554976
0.172974
0.0525347
0.364845
0.222511
0.219649
0.457898
0.616776
0.19849
0.836676
0.614533
0.632504
0.401202
0.195624
0.241562
0.969939
1.04096
0.0256267
0.393394
0.0830288
0.158719
0.260581
0.592753
0.333084
0.265224
0.994594
0.0960975
0.322642
0.662422
1.12833
1.02326
0.664624
0.0712326
0.115316
0.383264
0.280674
0.812011
0.285566
0.371252
0.836676
0.687887
0.578338
0.364588
0.9821
0.42026
0.508508
0.145104
0.115364
0.262983
0.343159
0.544864
0.493772
0.785825
0.512512
0.272365
0.30014
0.120121
0.216216
0.402882
0.126108
1.17779
0.606462
0.695576
0.207567
0.216377
0.567327
1.51832
0.186666
0.126048
0.358078
0.180019
0.512512
0.0933741
0.573213
0.383103
0.103024
1.0818
0.310246
0.52997
3.19624
0.14908
0.363403
0.654551
0.195235
0.523037
0.752752
1.04969
0.123164
0.374614
0.72156
0.627268
0.188189
0.336417
0.172561
0.489433
0.237358
0.22907
0.401842
0.220691
0.201413
0.326727
0.469909
0.50082
0.763603
0.393192
0.101502
0.231702
0.141049
0.318398
1.15652
0.00736767
0.382303
0.143023
0.210611
1.41838
0.24857
0.144144
0.19027
0.169131
1.03591
0.359674
0.125188
0.987387
0.23031
1.27415
0.196869
0.443002
0.381132
0.289411
0.126261
0.639039
0.128127
0.382302
0.0778397
1.71815
0.0720725
0.237356
0.11976
0.192192
0.0720725
0.09834
0.0680702
0.341461
0.657724
0.044206
0.193154
0.547587
0.37881
0.360071
0.3602
1.08877
0.305682
0.531731
1.01686
0.569689
0.411466
0.322642
0.293572
0.529681
1.05321
0.413093
0.31585
0.0631034
0.736616
0.332973
0.262663
1.34066
0.251349
0.051894
0.410972
0.157119
1.26354
0.402002
1.00511
0.178052
0.49089
0.157118
0.357155
0.349576
0.56418
0.348347
0.553834
0.26456
0.834594
0.656816
0.843883
0.417217
0.972811
0.67075
0.160001
0.056697
0.399087
0.0427645
0.259619
0.451652
0.568889
0.39047
0.43318
0.274194
0.329127
0.52489
0.0320333
0.683322
0.305745
0.204524
0.214803
0.170017
0.135816
0.214296
0.103785
0.256256
0.01922
0.845644
0.373814
0.562642
0.332974
1.39531
0.116949
0.502422
0.427145
0.224225
0.602641
0.661981
0.779689
0.308629
0.264361
0.116277
0.614694
0.192192
0.271471
1.57918
0.19813
0.467987
0.34412
0.762402
0.101864
0.28989
0.398031
1.0838
0.024025
0.451726
0.444662
0.944463
0.0885702
0.487111
0.493727
0.338577
0.0480499
0.0568587
0.0960967
0.252093
1.39135
0.311832
0.288342
0.24402
0.158078
0.204043
0.246006
0.915155
0.399119
0.116757
0.181621
0.105899
0.229189
0.104607
0.173134
0.0139345
0.461421
0.477597
0.972491
0.756756
0.094356
0.164924
0.132774
0.202762
0.384545
0.231271
0.157599
0.395262
0.570124
0.949298
0.324461
0.144306
0.193196
0.415397
0.166608
0.232192
0.482562
1.38811
0.0693094
0.220701
0.49025
0.144145
0.172974
0.54118
0.132493
0.616295
0.192192
0.502982
1.59097
0.442522
0.627918
0.758037
0.602202
0.893116
1.52252
1.35234
0.146068
0.326727
0.168169
0.152313
0.120961
0.0648667
0.171051
0.0725535
0.253213
0.543903
0.926527
1.13425
0.294895
0.133574
0.564244
0.556236
0.554131
0.311991
0.42749
0.530396
0.308362
0.881296
0.214416
0.851411
0.321201
0.8818
0.183543
0.201922
0.251652
0.0640655
0.111793
0.157758
1.13441
0.161709
0.276756
0.2432
0.18901
0.775014
0.144145
0.111312
0.24985
0.123725
0.311191
0.346805
1.33333
0.621261
1.38891
0.387109
0.812813
0.374415
0.496336
0.172367
0.18931
0.155515
0.125247
0.262008
0.332044
0.658579
0.167651
0.497658
0.148194
0.346747
0.397197
0.992351
0.201321
0.19892
0.287167
0.503009
0.182967
0.168168
0.599158
0.335856
0.756916
0.903943
0.241566
0.868515
0.496657
1.04328
1.04671
1.36825
0.217177
1.09517
1.08717
0.265624
0.956315
0.516756
0.262823
0.353153
0.320961
0.406225
0.36973
0.638197
0.0412208
0.481601
0.606846
0.645766
0.25428
0.123324
0.39015
0.425225
0.713193
0.210862
0.125246
0.756636
0.137419
0.131172
0.232523
0.583784
0.792685
0.172012
1.17638
0.354114
0.209129
0.0960979
0.676677
0.492373
0.0856872
0.816624
0.328387
0.25033
0.766846
0.169969
0.68068
0.289956
0.293413
0.54086
0.229549
1.31147
0.134535
0.292475
1.3982
1.45585
0.341813
0.719919
0.144145
0.369491
1.43868
0.10955
0.0890267
0.596756
0.271632
0.662101
0.549029
0.215256
0.226361
0.467027
0.597076
0.579619
0.077358
0.132934
0.591375
0.251378
0.586186
0.527246
0.240143
0.0560583
0.289089
0.970209
0.184666
0.497618
0.505465
0.207183
0.154115
0.0347881
0.487688
0.133415
0.592752
0.652973
0.606943
1.42558
0.43257
1.02983
0.251532
0.57081
0.411771
0.0986593
0.128129
0.64096
0.333453
0.516035
1.50534
0.6485
0.726806
1.16933
0.311191
0.14085
0.128128
0.118679
0.315981
0.329355
0.401682
0.0640659
1.00612
0.571411
0.654654
0.459147
0.607967
0.0664691
0.547027
0.204524
0.0706998
0.734654
0.172013
0.321923
0.167016
0.157239
0.148309
0.08777
0.14991
2.15888
0.0960985
0.0582104
0.255776
0.150487
0.148309
0.326566
0.0320333
0.14919
0.0320333
0.556876
0
0.478558
0.386306
0.828988
0.436997
0.247808
1.09117
0.823062
0.398387
0.342342
0.56088
0.117599
0.375461
0.18018
0.431951
0.0686414
0.386787
0.341237
0.352352
0.853332
1.24579
0.0823688
0.197598
0.374774
0.483362
0.460601
0.241041
0.330891
0.945104
0.687567
0.192194
0.565045
0.0793501
0.162242
0.119001
0.211135
0.767647
0.536697
0.244205
0.244084
0.0357156
0.128129
0.532792
0.634594
0.424607
0.287087
1.12641
0.955743
0.656496
0
0.561521
0.748267
0.45005
0.304351
0.388191
0.466706
0.33009
0.529249
0.523783
0.0517449
0.172612
0.53013
0.526287
0.0704256
0.369695
0.0720725
0.0320333
0.312632
0.165165
0.248409
0.434715
0.287167
0.0669496
0.185787
0.104144
0.46943
0.464556
0.625825
0.73001
0.548668
0.1594
0.466706
0.0720734
0.353794
0.203388
0.632152
0.306836
0.640961
0.258979
0.770882
0.629108
0.848688
1.18855
0.361561
0.467147
0.188028
1.07692
0.768769
0.0867271
0.400881
0.584905
0.27067
0.153113
0.731611
0.307347
0.072074
0.323043
0.133735
0.662902
0.391913
0.387108
0.446709
0.176016
0.576896
0.242354
0.0561499
1.03183
0.530599
0.585544
0.675967
0.984747
0.53708
0.288127
0.805604
0.698978
0.442882
0.821346
0.796155
0.907567
0.549276
0.329503
0.770978
0.186084
0.21045
0.206926
0.422582
0.113393
0.16016
0.0339543
0.675781
0.328168
0.207887
0.716717
0.210398
0.456455
0.306954
1.0585
1.62335
0.669661
0.317597
0.158079
0.38086
0.197077
0.537818
0.711752
0.77053
0.749709
0.0320333
0.0470378
0.110992
0.45045
0.248769
0.106427
0.268429
0.155036
0.287166
0.283483
0.385826
0.151641
0.096097
0
0.351872
0.181941
0.541141
0.344185
0.168008
0.217057
0.122523
0.191952
0.346906
0.265706
0.927038
0.227428
0.533013
0.305746
0.75504
0.333453
0.384704
0.256909
0.0738357
0.0932137
0.0960967
1.10478
0.29069
0.0129735
0.314553
0.405525
0.225964
0.241778
0.0760767
0.551303
0.214706
0.226307
0.0997805
0.962881
1.66449
1.12256
0.234612
0.452613
0.16849
0.376568
0.771169
0.741541
0.188195
0.635435
0.0823686
0.586666
0.503703
0.832511
0.618699
0.185305
1.03527
0.122523
0.0908124
0.636315
0.907574
0.834113
0.128128
0.217978
0.805444
1.26462
0.602522
0.924123
0.190752
0.412573
0.214134
0.316924
0.174471
1.38506
0.311231
0.31731
0.0797603
0.508155
0.391398
0.268269
0.0072075
0.129731
0.096504
0.410958
0.0720725
0.327527
0.274561
0.273393
0.420902
0.511551
0.253969
0.101862
0.581442
0.863543
0.159041
0.132933
0.512672
0.125665
0.128127
0.46048
0.531411
0.105707
0.0549143
0.683722
0.324003
0.0728743
0.539219
0.786642
0.38118
0.538321
1.19612
0.927647
0.966725
0.172624
0.176177
0.557357
0.470871
0.192193
0.201034
0.118872
0.264126
0.0640639
0.575455
0.294054
0.389589
0.373334
1.17061
0.141101
0.0832851
0.317554
0.521962
0.297418
0.903623
0.162541
0.553192
0.549669
0.406326
0.564723
0.557869
0.382343
0.462062
1.05545
0.224224
0.205384
0.472952
0.636517
0.723433
0.218137
0.853494
0.264744
0.608424
0.801257
0.88072
0.746089
0.788948
0.443803
0.0347562
0.310711
0.617658
0.311489
0.177778
0.150391
0.229431
0.533813
0.0930445
0.0780786
0.361801
0.203563
0.135255
0.963899
0.655375
0.542783
1.06891
0.0603009
0.324163
0.157118
0.612452
0.219494
1.75375
0.358155
0.377957
0.299019
0.201253
0.210618
1.05946
0.178579
0.513221
0.197285
0.497618
0.635034
0.627186
0.784143
0.525186
0.986426
0.0320333
0.358438
0.148151
0.28925
0.712771
0.763579
0.183544
0.639607
1.01025
0.260421
0.399439
0.49764
0.108108
0.585425
0.462062
0.252199
0.386947
0.425019
0.406967
0.348187
1.01349
0.117078
0.303064
0.416843
0.605405
0.485126
0.710149
0.274035
0.764023
0.455335
0.236877
0.65278
0.675982
0.344344
0.537338
0.238836
0.316517
0.430149
0.418498
0.492012
0.56921
0.431472
0.856024
0.520299
0.282203
0.563315
0.211988
0.433393
0.214415
0.0640652
0.176624
0.133094
0.147187
0.06727
0.154235
1.38554
0.184023
0.616455
0.12781
0.665746
0.218939
0.374054
0.128128
0.280548
0.735856
0.367087
1.04748
0.298721
0.538379
0.0885713
0.762521
0.187014
0.0570193
0.86038
0.19844
0.20116
1.84134
0.335696
0.509118
0.593393
0.384745
0.517117
0.646246
0.970729
1.55131
0.376857
0.992352
0.409753
0.100754
0.123645
1.88793
0.204045
0.583183
0.16016
0.224384
0.0715935
0.525485
0.0524164
0.20989
0.996516
0.149499
1.25421
0.443298
0.22621
0.554355
0.126768
0.906666
0.602214
0.195236
0.932772
0.412733
0.149224
0.690769
0.651211
1.06538
0.218138
0.49045
0.583143
0.417217
0.673681
0.358338
0.345784
0.422663
0.666105
0.100101
0.656977
0.465745
0.272272
0.25662
0.352513
0.203725
0.40985
2.32744
0.531892
0.314205
1.24664
0.0549127
0.163646
0.916116
0.324163
0.459659
0.0680366
0.467346
1.05561
0.192192
0.209168
0.207247
0.272738
0.54118
0.428299
0.33137
0.544024
0.635676
0.0960967
0.72072
0.160037
0.763482
0.314076
0.176336
0.697849
0.194916
0.418338
0.268429
0.470802
0.632174
0.58174
0.387627
0.503639
0.4012
0.838564
1.30242
0.411131
0.31151
0.347867
0.301175
0.52052
0.601454
0.504504
0.238318
0.318878
1.0278
0.859639
0.272753
0.192191
0.647686
1.56925
0.534294
0.326566
0.932611
0.270816
0.579818
0.674754
0.804203
0.328924
0.945934
0.778639
0.424905
0.39079
0.245788
0.593753
0.528116
0.362247
0.0668506
1.24838
0.256256
0.442362
0.703199
0.175376
0.525674
0.24024
0.76076
0.13728
0.137282
0.377178
0.144465
0.335055
0.562001
0.253053
0.134536
0.239639
0.155796
0.63039
0.348668
0.221021
0.101984
0.524044
0.239039
0.0908115
0.410331
0.087834
0.318878
0.158719
0.228227
0.106828
0.498418
0.196155
0.432432
0.22919
0.156957
0.160001
0.634394
0.0640654
0.541141
0.0706335
0.120121
0.387387
0.497079
0.46755
0.192914
0.144144
0.57282
0.379579
0.435555
0.370382
0.456457
0.0320333
0.617417
0.324924
0.270511
0.181622
0.338499
1.37623
0.0960967
0.747787
0.943663
0.649893
0.674274
0.306386
0.12813
0.282362
0.347388
0.6014
0.274195
0.457097
0.525885
1.56817
0.407607
0.677477
0.266828
0.12012
1.29237
0.638618
0.353085
0.16897
0.497671
0.307065
0.800174
0.88136
0.0960967
0.0480493
0.63039
0.442202
0.890169
0.873373
0.984506
0.490931
0.414026
0.694294
0.438198
0.571611
0.044206
0.144625
0.0640659
0.119881
0.284223
0.0925738
0.484805
0.127247
0.0347562
0.134174
0.112072
0.308788
0.664824
0.0213011
0.318751
0.0549807
0.564084
1.22715
0.368848
0.581141
0.408408
0.38102
0.759479
1.02711
0.812332
0.0821622
0.154555
0.511779
0.461349
0.33057
0.0546164
0.336817
0.390469
0.534614
0.14927
0.341782
0.635674
0.143344
0.177408
0.101383
0.211603
0.58078
0.571131
0.511231
0.652973
0.317237
1.01229
