0.373397
0.345651
0.773002
0.2849
0.884144
0.640751
0.499835
0.165807
0.458749
0.634281
0.429652
0.818293
0.491407
0.3479
0.662656
0.477356
0.814893
0.529993
0.536901
0.850095
0.413094
0.62145
0.885406
0.876633
0.480599
0.412792
0.697822
0.856345
0.0963567
0.348942
0.269437
0.536682
0.105604
0.663314
0.817196
0.364514
0.396534
0.345761
0.610923
0.476578
0.428182
0.415918
0.245421
0.62507
0.259787
0.399276
0.0629368
0.460708
0.819718
0.44621
0.115275
0.531167
0.501151
0.485251
0.542584
0.813139
0.360565
0.155623
0.129949
0.0751972
0.460042
0.16558
0.273879
0.259567
0.554091
0.41057
0.35914
0.314508
0.239719
0.253519
0.109662
0.663999
0.299869
0.737812
0.128851
0.313082
0.585262
0.597434
0.445938
0.307402
0.0823563
0.065798
0.573749
0.222173
0.536572
0.510473
0.163613
0.248383
0.204463
0.550143
0.110757
0.400811
0.320594
0.736168
0.538875
0.101789
0.572981
0.187629
0.345048
0.237745
0.199551
0.667618
0.523659
0.396589
0.563054
0.718703
0.178967
0.554798
0.0433154
0.218856
0.493474
0.794167
0.942758
0.720968
0.563001
0.32446
0.624192
0.676611
0.268341
0.486896
0.365611
0.339264
0.89311
0.0878397
0.455862
2.24508
0.296594
0.339949
0.313568
0.694595
0.226247
0.945391
0.733306
0.4722
0.451805
0.602698
0.332603
0.811128
0.122986
0.416712
0.117154
0.536243
0.747451
0.130167
0.426087
0.480764
0.316043
0.675513
0.66049
0.154293
0.191248
0.39404
0.700989
0.714809
0.234895
0.447747
0.28468
0.456958
0.538765
0.462222
0.980749
0.476916
0.447417
0.319279
0.465731
0.171969
0.125767
0.510104
0.698104
0.270205
0.461291
0.2788
0.252148
0.150928
0.182695
0.395182
0.318347
0.307052
0.38831
0.264009
0.309245
0.377919
0.468144
0.365335
0.518478
0.242214
0.578683
0.41715
0.111414
0.19452
0.230619
0.258006
0.464963
0.581972
0.540191
0.278101
0.408378
0.707382
0.476807
0.250794
0.378332
0.752266
0.0798197
0.320321
0.226143
0.288584
0.73972
0.108086
0.510363
0.821335
0.412874
0.151991
0.775004
0.692183
0.646453
0.571992
0.5857
0.296085
0.34927
0.504453
0.35173
0.473736
0.870602
0.149578
0.16632
0.183442
0.108346
0.582849
0.395893
0.302747
0.557956
0.782982
0.147824
0.351464
0.292263
0.549732
0.477191
0.0931436
0.917974
0.324377
0.0328996
0.207039
0.257374
0.179479
0.489747
0.533722
0.129338
0.277113
0.409256
0.418577
0.285777
0.682202
0.469839
0.578243
0.482947
0.19739
0.155391
0.234335
0.678145
0.574734
0.439413
0.0932112
0.645796
0.81917
0.146396
0.13883
0.538984
0.393217
0.162473
0.169457
0.15857
0.685339
0.308477
0.879484
0.515628
0.295975
0.984211
0.759624
1.00669
0.687905
0.619148
0.0814792
0.139489
0.206075
1.23117
0.750522
0.22138
0.354106
0.368462
0.686699
0.599277
0.118387
0.327339
0.321005
0.476697
0.59579
0.571773
0.500877
0.424718
0.784042
0.659678
0.749974
0.408159
0.7219
0.3689
0.47582
0.767849
0.312096
0.638557
0.382499
0.350697
0.269108
0.285118
0.370108
0.40114
0.39138
0.433052
0.657721
0.433024
0.555763
0.747561
0.0611922
0.711263
0.266805
0.107407
0.112794
0.160723
0.076842
0.397631
0.127417
0.496705
0.282515
0.320265
1.62979
0.951175
0.432819
0.292686
0.347078
0.633869
0.586644
0.574077
0.711509
0.28172
0.595865
0.0963929
0.927669
0.198158
0.193067
0.758527
0.575941
0.695603
0.695801
0.779598
0.783311
0.45049
0.989979
0.471367
0.332027
0.637023
0.349709
0.31089
0.379318
0.0938713
0.753702
0.971271
0.452846
0.304639
0.354863
0.183354
0.16381
0.110867
0.5056
0.673869
0.748987
0.181796
0.712991
1.00647
0.600478
0.296333
0.611033
0.657886
0.228727
0.260664
0.730126
0.521768
0.665315
0.442628
0.635377
0.440232
0.553309
0.348394
0.166384
0.315606
0.476961
0.0408356
0.106152
0.10718
0.484922
0.26294
0.388748
0.36528
0.237745
0.60788
0.91918
0.557943
0.590279
0.603465
0.555434
0.785099
0.962607
0.283145
0.433347
0.842939
0.686778
0.778048
0.0585602
0.49512
0.34017
0.384994
0.263517
0.229192
0.236108
0.755183
0.273605
0.53945
0.153526
0.930367
0.288942
0.490646
0.101108
0.748877
0.134508
0.572432
0.388859
0.925761
0.476368
0.704667
0.901663
0.182093
0.622985
0.256606
0.128305
0.0563476
0.316482
0.339346
0.0463358
0.426033
0.218994
0.820706
0.610302
0.578353
0.513433
0.413642
0.265599
0.389987
0.41759
0.134472
0.551941
0.263055
0.677341
0.143547
0.259824
0.562782
1.01174
0.270862
0.309162
0.528952
0.752934
0.224121
0.127646
0.442154
0.643971
0.438096
0.238623
0.420687
0.268231
0.378497
0.46628
0.228971
0.559025
0.7639
0.454062
0.767989
0.66411
0.97404
0.933065
0.252439
0.541754
0.316921
1.12891
0.604125
0.482901
0.132469
0.345103
0.149183
0.0452905
0.438124
0.543334
0.193771
0.0992445
0.335672
0.644644
0.305956
0.0447757
0.166272
0.645028
0.111745
0.594737
0.367365
0.172937
0.736266
0.396315
0.314947
0.175458
0.500976
0.671126
0.349117
0.775087
0.534378
0.712798
0.269437
0.142319
0.147056
0.92219
0.757759
0.452928
0.276676
0.435443
0.490515
0.436233
0.3076
0.151881
0.459151
0.395548
0.941654
0.58263
0.347406
0.574186
0.33622
0.468582
0.0394791
0.0967996
0.0755563
0.492488
0.234457
0.671374
0.10914
0.347406
0.398793
0.464305
0.489856
0.491501
0.251563
0.274371
0.535146
0.407611
0.340937
0.599245
0.357523
0.267574
0.568922
0.665288
0.296025
0.537998
0.267578
0.465511
0.441956
0.675184
0.28457
0.521878
0.218751
0.4336
0.787698
0.422085
0.138174
0.538766
0.599518
0.330957
0.800994
0.680668
0.16789
0.226905
0.375699
0.6379
0.325282
0.220043
0.583398
0.0521983
0.353046
0.0342159
0.501239
0.43031
0.63461
0.931288
0.59391
0.347077
0.236538
0.347516
0.382937
0.234237
0.51113
0.867202
0.431188
0.0563971
0.625179
0.398916
0.302994
0.305296
0.415178
0.312315
0.341046
0.220994
0.109839
0.321307
0.321526
0.413656
0.638559
0.172953
0.51708
0.360621
0.237933
0.504003
0.535476
0.512995
0.47242
0.584934
0.0744451
0.104516
0.182146
0.314838
0.123451
0.183563
0.486845
0.326269
0.127866
0.423182
0.9956
0.568672
0.266476
0.32076
0.555653
0.399222
0.728261
0.493968
0.440289
0.699091
0.344446
0.387954
0.200087
0.246173
0.188672
0.771688
0.0965293
0.598174
0.3882
0.296086
0.345213
0.617832
0.627811
0.663824
0.475491
0.0718422
0.0580325
0.536463
1.1192
0.581534
0.611768
0.081
0.0434168
0.743832
0.316812
0.490186
0.515188
0.176993
0.401799
0.378332
0.450706
0.592828
0.297236
0.31385
0.314288
0.846038
0.312863
0.422305
0.124261
0.538656
0.283364
0.413565
0.544891
0.226957
0.136502
0.683958
0.314696
0.161558
0.304639
0.184231
0.579451
0.200434
0.296333
0.20256
0.246715
0.317016
0.566031
0.159971
0.261344
0.760705
0.109661
0.125891
0.277251
0.855688
0.494078
0.633183
0.185895
0.611252
0.479878
0.482838
0.0755205
0.168768
0.0977589
0.45641
0.220849
0.206074
0.393354
0.577256
0.340828
0.466443
0.163068
0.113719
0.0705123
0.0708411
0.360236
0.340273
0.439446
0.515599
0.42809
0.387707
0.804366
0.3042
0.0219333
0.630771
0.43371
0.411033
0.633541
0.299128
0.1169
0.407062
0.18127
0.455094
0.574077
0.845817
0.473326
0.314919
0.312535
0.413423
0.2672
0.411777
0.523632
0.219981
0.407328
0.122448
0.338854
0.20688
0.244654
0.238622
0.204409
0.851191
0.564097
0.455203
0.657309
0.831562
0.52299
0.452813
0.316482
0.399189
0.530603
0.469239
0.321308
0.181693
0.204701
0.442043
0.572995
0.531308
0.68319
0.142595
0.246627
0.975986
0.328167
0.408378
0.501841
0.222064
0.303432
0.329423
0.611361
0.958988
0.634172
0.223161
0.912821
0.51135
0.369448
0.611005
0.429432
0.510912
0.723546
0.447637
0.844283
0.307271
0.404978
0.300801
0.602697
0.785943
0.406971
0.960524
0.45811
0.711
0.19739
0.147055
0.281609
0.330081
0.374493
0.481851
0.550567
0.869783
0.317716
0.348613
0.244576
0.266697
0.346913
0.494572
0.648874
0.323802
0.335028
0.331533
0.706767
0.571445
0.331725
0.392933
0.759624
0.75691
0.144972
0.310807
0.302852
0.419618
0.474285
0.519465
0.107905
0.522688
0.791755
0.089452
0.670093
0.506744
0.307819
0.448853
0.343349
0.455861
0.254962
0.456081
0.40136
0.47742
0.701205
0.334028
0.596778
0.558175
0.337701
0.322295
0.430529
0.251562
0.363527
0.686798
0.318566
0.340279
0.528018
0.382185
0.674636
0.513214
0.539534
0.530322
0.16737
0.673676
0.30738
0.283145
0.463538
0.577247
0.227986
0.881183
0.62739
0.438782
0.655445
0.627482
0.162141
0.116962
0.294879
0.838767
0.876742
0.471214
0.576927
0.1941
1.01817
0.329547
0.758355
0.337536
0.531145
0.314507
0.504777
0.496953
0.996384
0.570459
0.289916
0.23114
0.205834
0.0803824
0.517052
0.302912
0.529006
0.419454
0.317688
0.549761
0.868929
0.836006
0.330546
0.702599
0.502969
0.617803
0.626494
0.317688
0.697775
0.856609
0.382499
0.427679
0.377344
0.53054
0.118892
0.45301
0.597983
0.528128
0.565742
0.0482507
0.119631
0.205351
0.490295
0.172956
0.516665
0.394561
0.344227
0.16421
0.0960633
0.107331
0.245969
0.550645
0.397412
0.114487
0.178308
0.1642
0.305736
0.585152
0.173264
0.0466449
0.234565
0.226012
0.0879487
0.366598
0.153348
0.561903
0.486895
0.248711
0.144587
0.537449
0.118763
0.126077
0.959894
0.182339
0.558906
0.242987
0.0625072
0.175457
0.84233
0.0712562
0.403116
0.595921
0.519794
0.336221
0.435245
0.402565
0.455905
0.34269
0.42702
0.508829
0.710057
0.69898
0.336632
0.27141
0.541068
0.365747
0.710715
0.766532
0.517326
0.944513
0.336797
0.564865
0.145633
0.267418
0.338194
0.339291
0.257483
0.66473
0.244873
0.917317
0.405527
0.531748
0.342989
0.624191
0.192027
0.0918973
0.620792
0.371176
0.427787
0.485798
0.192072
0.427569
0.885516
0.310429
0.597029
0.455203
0.800993
0.406842
0.6013
0.645905
0.275798
0.350258
0.374492
0.534329
0.440016
0.381292
0.585709
0.5698
0.0937354
0.0713249
0.153635
0.563302
0.499972
0.136304
0.698652
0.328105
0.308323
0.811838
0.856564
0.541616
0.781995
0.660163
0.166136
0.26856
0.254195
0.13837
0.0814152
0.0219333
0.763791
0.464305
0.80623
0.129546
0.523523
0.29081
0.245571
0.414299
0.297977
0.180722
0.467855
0.0994635
0.122824
0.183019
0.395063
0.248557
0.717076
0.558944
0.7673
0.417875
0.193221
0.255057
0.481879
0.404539
1.06942
0.278977
0.346309
0.141529
0.67288
0.456218
0.719078
0.613225
0.0865224
0.638254
0.589757
0.412107
0.40284
0.139489
0.274591
0.394232
0.436232
0.592547
0.301913
0.0715527
0.791453
0.356091
0.348503
0.392182
0.224476
0.585809
0.0582311
0.803818
0.738031
0.213071
0.640422
0.525881
0.593597
0.385787
0.930733
0.542576
0.176225
0.578573
0.30749
1.41814
0.202106
0.390722
0.297073
0.521319
0.13398
1.17546
0.144259
0.428384
0.235163
0.134153
0.121941
0.0799983
0.426692
0.683875
0.322733
0.784858
0.772311
0.264141
0.0555977
0.730783
0.146832
0.051838
0.073524
0.524494
0.331013
0.286498
0.620557
0.0581219
0.513352
0.246738
0.0961727
0.449062
0.972806
0.484592
0.403148
0.297401
0.585043
0.527689
0.502111
0.777499
0.501864
0.328216
0.625289
0.505911
0.504332
0.237636
0.554117
0.619257
0.0620683
0.588717
0.565111
0.858319
0.594473
0.382279
0.420331
0.619806
0.496765
0.35629
0.712168
0.741201
0.19075
0.112691
0.476122
0.319608
0.17149
0.156706
0.0986956
0.32715
0.432943
0.389735
0.250357
0.868353
0.144314
0.510033
0.461811
0.503252
0.568593
0.30727
0.231276
0.184718
0.560698
0.268121
0.495998
0.513434
0.478781
0.905035
0.0946371
0.194649
0.345926
0.603027
0.632691
0.822351
0.38842
0.290328
0.507376
0.425828
0.714554
0.590198
0.0895567
0.0961655
0.758487
0.268121
0.700627
0.593158
0.203823
0.146398
0.740543
0.167864
0.257185
0.149112
0.11616
0.176073
0.592828
0.265819
0.555699
0.44018
0.412655
0.169428
0.615199
0.34938
0.726834
0.594967
0.308039
0.30653
0.536983
0.503125
0.326243
0.328215
0.614543
0.375041
0.0956238
0.307613
0.504552
0.454985
0.844063
0.203395
0.734182
0.688562
0.272068
0.176664
0.389297
0.34985
0.628658
0.651716
0.457396
0.196074
0.238842
0.219652
0.46653
0.460248
0.583727
0.464635
0.572204
0.205615
0.514497
0.646535
0.511789
0.12019
0.222502
0.577202
0.267986
