0.544276
1.04179
0.291373
1.01175
0.102634
0.657277
1.14901
0.206274
0.59506
0.627488
1.79067
1.8352
0.499564
1.61746
0.729399
0.930297
0.787752
0.808622
0.223243
0.241093
0.479918
0.122592
0.584372
0.404876
0.387008
1.08849
0.750529
0.424862
1.08637
0.489722
0.892588
1.66086
0.131734
0.236441
0.763618
1.13116
0.0882414
0.844193
0.928787
0.105657
0.347595
0.337125
0.538745
1.10653
0.411664
0.37785
0.932576
0.55863
0.525043
0.772671
0.280862
0.411251
0.504932
0.528562
0.361351
2.06322
0.637764
0.432575
0.0977946
0.144699
0.589545
0.13486
0.285023
0.137767
0.515963
0.372797
0.288481
0.545281
0.412416
0.687126
0.281316
0.637545
0.315724
0.372006
0.444972
1.19766
0.408647
1.12299
0.376436
0.987086
0.343914
0.158527
0.721133
0.812013
0.389666
0.705925
0.515868
0.685854
0.953942
0.653035
0.304569
0.323298
0.320531
0.404813
1.32474
0.240326
1.75425
0.150337
1.2541
0.448997
0.793518
0.719123
0.441015
0.593267
0.832724
0.489471
1.81067
0.295871
0.397713
0.241249
0.62862
0.593454
1.07824
0.290082
0.396454
0.65907
0.327699
0.485197
0.696623
1.45999
0.425742
0.401671
1.2677
0.561535
0.961847
1.14914
0.159376
0.481804
0.578789
0.223746
0.870339
1.01087
1.05939
0.551692
0.339639
1.98749
0.704225
0.433327
0.281442
0.441204
0.758823
0.519922
0.477028
0.311107
0.242097
0.280938
0.379357
1.07284
1.21752
0.3968
0.0460062
1.36726
0.237979
0.202963
0.528815
0.596189
0.47074
0.400602
0.502168
0.679401
0.966229
0.238579
0.32421
0.0794738
0.888313
0.778325
0.453377
0.484981
1.54509
0.28848
0.389446
0.44045
0.13232
0.278009
0.705421
1.18232
0.966874
0.1257
0.608004
0.485229
1.87994
0.29423
0.481551
0.173277
0.765694
0.208348
0.458801
0.366538
0.249892
1.38986
0.15989
0.221358
1.86901
1.81406
0.07542
0.0701406
1.22431
0.521676
0.852237
1.49028
1.64263
0.0744258
0.566162
0.730814
0.295306
0.339338
0.294986
0.306786
0.442334
0.177299
0.424139
0.336875
0.614854
0.350188
0.465839
0.991763
1.31305
0.366256
0.665951
1.46044
1.22147
0.490225
0.111747
0.190938
0.950952
0.449952
0.3776
0.477403
0.40187
0.16407
1.4708
0.431903
0.134248
1.3984
0.393187
0.480672
0.232954
0.420613
0.387655
0.10056
0.262083
0.621453
1.30048
1.13556
1.10074
0.146315
0.262299
0.318774
1.21431
0.596691
0.407263
0.236762
0.306319
0.304234
0.20112
0.357741
0.470113
0.0755708
1.27509
1.10942
0.792279
0.488591
0.703032
0.17143
0.659291
1.27826
0.274026
0.724872
0.358347
0.666636
0.20112
0.864305
1.14235
0.450128
0.354974
0.194081
1.02206
0.413432
0.475644
0.536229
1.9149
0.33612
0.111999
0.259142
1.52473
0.0898755
0.648198
1.70495
0.408648
0.0819564
0.671911
0.234987
0.307962
0.717144
0.394316
0.354975
0.289862
1.2053
0.903522
0.445644
0.252455
0.161525
0.598451
0.871469
1.05713
1.44277
0.326819
0.865687
0.20812
0.584624
0.87788
0.435545
0.553326
1.42228
0.599333
1.12915
1.47721
0.441062
0.443654
0.148829
0.654011
0.765003
0.203257
0.881401
0.1652
0.14847
1.38987
0.400261
0.288228
0.240588
0.555669
0.330432
0.489658
0.892965
0.740617
0.636963
0.281817
0.958328
0.148389
0.781719
0.504931
0.250865
0.415057
1.03928
0.29269
0.916193
0.833256
0.433122
0.302811
1.18245
0.874486
0.564891
0.731458
0.329459
0.42348
0.841529
1.02563
0.500122
0.592793
0.435043
0.197787
0.269878
0.173969
0.44887
0.463452
0.725628
0.315379
0.545784
0.630253
0.271617
0.317893
0.615959
0.222698
0.284374
0.312388
0.320532
0.0888699
0.85318
0.402268
0.491733
0.209982
0.212965
0.326692
0.135882
0.54352
0.623968
0.245743
0.0952806
0.750029
0.33557
0.508577
0.234085
0.542263
0.613838
0.581482
0.207531
0.511462
1.31066
0.390106
0.93872
0.782476
0.419206
0.726571
0.924767
0.131476
0.49277
0.43077
0.270505
0.433464
0.466796
0.861289
0.359925
1.192
0.676672
0.591663
0.335617
0.767642
0.44931
0.818017
0.209416
0.498186
0.181258
0.674626
1.04921
0.366916
0.212182
0.555966
0.164155
1.48855
0.197475
1.23788
1.6806
1.50826
0.896499
1.62315
0.927279
0.0841761
0.292219
0.15084
0.644959
0.443214
0.437714
0.597046
1.25375
0.293667
0.0880826
0.286972
0.463451
1.45056
0.34538
0.282319
0.394318
1.29508
0.0745401
0.501647
0.212182
0.582992
0.703877
0.53163
0.42612
0.20288
1.0728
0.351078
1.96593
0.743633
0.340614
0.0944007
1.28263
0.834419
1.52586
1.72642
0.345696
0.541385
0.514358
0.336371
0.830618
0.724315
0.438563
0.762364
0.605521
0.897677
0.363522
0.616067
0.742377
1.25611
0.458626
1.55866
0.243607
0.600966
0.638423
0.421217
0.183378
0.379485
0.241595
1.20872
0.320911
0.680753
1.25665
0.319652
0.333105
0.309975
0.455061
0.458171
0.56885
0.126519
0.628621
2.07621
0.845148
0.211176
0.265729
0.643043
0.402614
0.818551
0.190938
0.3281
1.78131
0.611424
2.35132
0.0406011
0.758969
1.75765
0.61678
0.978187
0.629968
2.01985
0.656901
0.471622
0.456211
0.254291
0.34894
0.713592
0.320785
0.385394
0.949025
0.344668
0.70982
0.468731
0.389417
0.316763
0.343789
0.151481
0.500647
0.217297
0.306077
0.642573
0.150746
0.815564
0.391331
0.455381
0.411286
0.0785625
0.614855
0.183271
0.678559
0.720251
1.93739
0.590407
0.334033
0.234556
0.0625986
1.00358
0.123689
2.54194
0.293383
0.143955
0.202126
0.800123
0.265226
0.675379
1.64904
0.263807
0.228271
1.34686
0.690085
0.388788
0.361511
0.795044
0.489849
0.182139
0.643453
0.425867
0.783605
0.781674
0.743634
0.143109
0.538815
0.257434
0.561119
1.00297
0.249263
0.559837
0.649989
0.520266
1.14177
0.794434
0.38907
1.42668
0.553325
1.03202
1.15153
0.477906
1.83344
1.12148
0.0697096
1.53026
0.87605
0.75809
0.346426
0.219472
1.22167
0.620573
0.776535
0.0977632
0.564135
0.306707
1.27345
0.622773
0.23811
1.2677
0.608508
0.605724
0.59644
0.52429
1.55301
1.40808
0.438187
0.394337
0.133435
0.420212
0.343535
0.27038
0.171156
0.0734765
0.235687
0.41903
1.41197
0.590963
0.801169
0.578843
1.00873
0.343786
0.426874
0.623214
0.759753
0.718869
0.35271
0.713466
0.119541
0.554859
0.859995
0.578842
0.545658
0.228082
0.521619
0.368045
0.2766
0.595561
0.275319
2.47878
0.819204
0.92351
0.151359
0.570772
1.21802
1.31619
0.624847
0.79166
0.697581
0.298662
1.37766
0.07542
1.10275
0.324931
0.543143
0.655267
0.192447
0.761483
0.365156
0.548391
0.627614
0.378731
0.701019
0.66658
0.731943
0.395953
0.220352
0.57746
0.294326
0.480636
1.88939
0.239081
0.0561879
0.266071
1.92816
0.778629
0.197977
1.7359
0.496071
0.420275
0.173358
0.673423
0.451102
0.343502
0.0887368
0.318648
0.840385
0.791902
0.177111
0.587987
0.195966
1.30793
0.163724
0.296843
0.311861
0.296148
0.292253
0.199988
0.29577
0.139469
0.323424
1.76342
0.42079
1.13707
0.235812
0.34115
0.374709
0.338633
0.225756
0.197978
0.334236
0.918355
0.161081
0.180544
0.428099
0.413957
0.380114
0.551818
1.59461
0.243355
1.0878
0.624723
0.555915
0.443843
0.353624
0.56313
0.360002
0.309599
0.565266
0.203382
0.256427
0.272548
0.498803
0.590532
0.268494
0.352209
0.252783
0.413926
0.355728
1.42548
0.912424
0.364275
0.661601
1.07498
0.743254
0.226259
0.753439
1.3539
0.498395
0.200869
0.58274
0.626142
0.223695
0.433535
1.13106
0.599582
0.40538
0.284584
0.155796
0.694694
0.758968
0.424719
1.10527
0.147823
0.139351
0.134499
1.21589
0.439725
1.59543
0.0646457
0.54591
0.423354
0.41468
0.690716
0.391301
0.842559
0.312613
0.727921
0.18503
1.57978
0.576579
0.245869
0.411915
0.89309
0.850604
0.640435
0.711328
0.670603
1.22581
0.600335
0.604636
0.241871
1.05323
0.58299
0.745141
0.310729
0.461038
1.28145
0.905281
0.280938
0.753814
0.195512
0.699107
0.188079
0.762867
0.454023
0.315758
0.332033
1.36723
0.315173
0.291781
1.03669
1.86795
0.587768
0.506817
1.16322
0.384001
0.259946
0.124773
0.122118
1.25403
0.63503
0.927657
0.343912
0.736343
1.12478
1.27956
0.0922638
0.673601
0.980666
1.6875
0.487836
0.316147
0.736344
0.342027
0.354345
0.426119
0.187117
0.2585
0.775741
0.222238
0.662433
0.627111
1.07768
0.439569
1.27283
1.48777
0.129974
0.382994
0.547921
0.945632
0.238579
0.391642
0.665949
0.449122
0.311106
0.401231
0.589262
0.895225
0.270254
0.442211
0.229403
0.712027
0.309096
0.23663
0.252776
0.39086
1.4204
0.557474
1.20262
2.01603
0.385393
0.344944
0.109988
0.256805
0.254417
0.173089
0.456759
0.609172
0.83069
0.3178
0.463359
0.847963
0.26734
0.135426
0.160393
1.40091
1.09433
0.267119
0.303942
0.798123
0.632514
0.213061
0.663439
0.279054
1.31405
0.304009
1.0339
0.518354
1.03551
0.26705
0.469432
0.199043
0.996791
0.803967
0.496043
0.218567
0.441957
1.07196
1.28841
0.925898
0.380835
1.16174
0.306455
1.07121
0.17422
0.117404
0.285019
1.5326
1.17101
0.568935
0.835992
1.17641
0.116524
0.311806
0
0.256804
0.502293
0.568997
1.22531
0.470401
0.889445
0.449163
0.197726
0.0529197
0.363491
0.387154
0.094275
0.433661
1.27358
1.09521
0.16286
0.401105
0.368425
0.707207
0.723469
0.285966
0.307209
0.49446
0.368803
0.267599
0.252236
0.266155
0.176734
0.242727
1.21176
0.674055
0.644205
0.936781
0.275885
0.825715
0.533214
0.368549
0.543698
0.437181
0.19207
0.213564
0.399096
1.38897
0.362578
0.299889
0.230911
1.3765
0.738354
1.19389
1.6767
0.267405
0.459398
0.446482
1.73662
1.20305
1.40318
0.263969
0.0818307
0.211176
0.584122
0.507698
0.298537
0.444722
1.67587
0.338256
1.1153
0.234305
0.680187
0.581387
0.478661
1.06127
1.90635
0.455407
0.597947
0.559762
0.202908
0.378731
0.976491
0.6295
0.879767
0.397082
0.532712
0.266232
0.672738
0.380868
0.583055
0.604486
0.19321
0.994403
0.45739
0.0512353
0.669534
0.133336
0.601467
0.429619
0.199737
0.351328
0.686542
0.181978
0.161022
0.457293
0.840801
0.427367
0.408678
0.347307
0.736344
0.638649
0.446229
0.326189
0.341399
0.326946
0.745015
0.891875
1.29998
0.820435
0.086493
0.521021
0.709317
0.502543
1.7188
0.532649
0.435787
1.74461
1.26284
0.146404
0.475393
0.199109
0.418577
0.964085
0.192572
1.2477
0.456098
2.11274
2.23492
1.04408
0.320283
0.282447
0.381873
1.20077
0.339293
0.714973
0.666235
0.228116
0.835645
0.473256
0.317799
0.244962
0.678773
0.483437
0.24323
0.280427
1.04014
0.399251
0.285182
0.44965
0.541133
0.782891
1.89218
0.918354
0.206525
1.49833
0.43565
0.189053
0.257264
0.195997
0.393688
0.974542
0.448997
1.35712
0.392432
0.418577
0.32468
1.6102
0.403494
1.26654
0.344291
1.33472
0.540661
0.493116
0.505782
0.80801
0.66489
1.52696
0.495504
0.224532
0.502875
0.551503
1.81179
0.391202
0.15084
1.92628
0.153354
1.33693
0.212307
0.0898883
0.904076
1.02592
0.554708
0.433876
0.655823
0.10056
0.288322
0.436426
0.168941
1.08905
0.673948
0.196658
0.16293
0.270004
0.427376
0.584875
0.241627
0.732573
0.391427
1.46062
2.99327
0.503951
0.304192
0.437307
1.40443
0.160268
0.27038
0.658506
0.433379
0.997166
0.623591
0.304696
1.47947
0.0965376
0.417822
0.430645
0.384356
0.630316
0.347239
0.37792
0.147069
0.207028
0.415561
0.273398
0.511058
1.21242
0.318459
0.110239
0.372071
0.460624
0.393563
0.249263
0.506157
0.857734
0.30897
1.09446
0.715353
0.0922079
0.694359
0.140868
0.821316
0.843438
0.889695
1.87555
0.0888699
0.12834
0.45704
0.534346
0.980386
0.447741
1.5378
0.71309
0.358997
1.01505
0.777357
0.201749
1.60224
1.34893
0.220912
1.25498
0.407767
0.669817
0.72281
0.538492
0.619568
0.120443
1.13321
0.531518
0.108197
0.513606
0.85425
1.22531
0.564459
0.416442
0.495757
0.49541
0.288161
0.375966
0.821818
0.665669
0.261707
0.354565
0.254918
0.633019
0.38753
0.705294
1.05791
0.264831
0.297404
0.283638
0.451259
0.301677
0.452265
0.505119
0.915338
0.849474
0.255296
0.262964
0.285088
1.21156
0.588339
0.49211
0.377851
0.521272
0.380114
0.68908
0.284633
0.824459
0.634526
0.405881
0.108634
0.252204
0.281882
0.241202
0.278802
0.401231
0.366917
1.01401
0.34347
