0.288517
0.386636
0.196068
0.327524
0.0343667
0.416193
0.413015
0.296782
0.195494
0.49876
0.427584
0.512937
0.184431
0.547735
0.136611
0.212006
0.272535
0.318588
0.191601
0.363526
0.327953
0.129416
0.115733
0.299343
0.247962
0.433999
0.22051
0.461901
0.444431
0.211532
0.499019
0.717941
0.285767
0.272514
0.61226
0.594561
0.0878943
0.491458
0.756433
0.129838
0.231102
0.0792581
0.356565
0.586743
0.848108
0.265577
0.436743
0.176356
0.20483
0.567754
0.220073
0.201273
0.364813
0.502026
0.190249
0.85292
0.354418
0.428715
0.217117
0.135653
0.13268
0.443907
0.394197
0.0370301
0.501403
0.244715
0.231552
0.345912
0.392307
0.378151
0.228888
0.515859
0.213164
0.238091
0.488881
0.748442
0.394197
0.735834
0.19596
0.258996
0.461387
0.273968
0.678505
0.255868
0.468001
0.479344
0.493949
0.281242
0.453396
0.447855
0.243669
0.378304
0.150465
0.204014
0.346341
0.273378
0.748871
0.18146
0.451462
0.322455
0.268585
0.353128
0.205368
0.349776
0.393016
0.209854
0.786729
0.341426
0.286283
0.283276
0.431143
0.489159
0.4851
0.125592
0.186101
0.27432
0.111437
0.234988
0.360431
0.644308
0.256124
0.235313
0.372846
0.364289
0.593186
1.32983
0.0832082
0.238427
0.39297
0.153623
0.612358
0.555898
0.531325
0.257328
0.236966
0.745372
0.718242
0.168429
0.287658
0.122839
0.372559
0.215678
0.142409
0.345051
0.158792
0.195476
0.425128
0.43312
0.6224
0.634213
0.343075
0.418341
0.140894
0.153594
0.331132
0.349777
0.338521
0.223477
0.272622
0.225881
0.618618
0.325976
0.267488
0.0949182
0.340755
0.609198
0.262323
0.336936
0.709779
0.23877
0.592156
0.370481
0.426074
0.339883
0.217975
0.279036
0.485357
0.0689052
0.270902
0.134676
1.09127
0.0450418
0.36361
0.204788
0.366918
0.162901
0.248137
0.33225
0.179571
0.670407
0.120286
0.202726
1.21997
0.590884
0.101915
0.249682
0.649636
0.352303
0.515774
0.624547
0.884538
0.17422
0.409093
0.23387
0.470073
0.739903
0.209427
0.310224
0.192373
0.311221
0.258917
0.375811
0.530143
0.254207
0.421778
0.475306
1.01694
0.596451
0.370999
0.664662
0.681732
0.405366
0.007217
0.388184
0.412756
0.472315
0.286712
0.567926
0.104767
0.264897
0.892013
0.468604
0.309481
0.805149
0.589063
0.367563
0.187775
0.339531
0.241262
0.224334
0.366982
0.453997
0.358282
0.276832
0.405367
0.323142
0.419409
0.0715686
0.671846
0.449702
0.188765
0.191675
0.135217
0.135837
0.115646
0.220124
0.319877
0.0813211
0.516117
0.517061
0.608137
0.314121
0.77207
0.191823
0.404336
0.682478
0.206291
0.437479
0.513515
0.487771
0.201825
0.469532
0.609942
0.422378
0.0539557
0.26506
0.26386
0.17158
0.356738
0.329208
0.73055
0.276316
0.228116
0.253256
0.953102
0.0537409
0.334093
0.831246
0.819068
0.172611
0.373645
0.361008
0.278551
0.260593
0.276402
0.209642
0.260336
1.04398
0.575917
0.391763
0.170567
0.192288
0.723526
0.351065
1.041
1.12571
0.347715
0.115559
0.0783304
0.269013
0.348194
0.144688
0.106709
0.542408
0.487593
0.639841
0.55418
0.178399
0.322003
0.0859187
0.222531
0.315752
0.257327
0.391619
0.30618
0.483774
0.849546
0.363475
0.160668
0.2174
0.350129
0.210718
0.35287
0.503486
0.609211
0.104746
0.142024
0.27855
0.145632
0.333229
0.400641
0.140605
0.322368
0.386715
0.249982
0.604802
0.219695
0.286699
0.474016
0.385948
0.458783
0.599415
0.611255
0.475306
0.289205
0.245384
0.4419
0.489676
0.332422
0.175189
0.174436
0.102243
0.405626
0.605215
0.831698
0.163547
0.15285
0.513797
0.339896
0.361323
0.457004
0.404827
0.284193
0.129794
0.355088
0.201501
0.336546
0.26375
0.407321
0.359915
0.163743
0.160839
0.081449
0.164019
0.357682
0.425903
0.13449
0.232755
0.238925
0.247222
0.366445
0.233205
0.378733
0.31266
0.251764
0.231036
0.390245
0.548936
0.625707
0.558475
0.42616
0.324517
0.259625
0.407515
0.180089
0.132035
0.189538
0.108256
0.221301
0.226001
0.45391
0.152751
0.325999
0.394075
0.370226
0.273652
0.555468
0.20163
0.204271
0.323486
0.290922
0.137079
0.196925
0.490598
0.175532
0.440565
0.403907
0.174105
0.604339
0.393425
0.572307
0.868443
0.753253
0.350261
0.98558
0.73521
0.174678
0.57522
0.298934
0.307761
0.444631
0.358219
0.399477
0.457713
0.384574
0.0548601
0.513025
0.508813
0.634857
0.205288
0.205776
0.353987
0.819154
0.356393
0.298188
0.214368
0.576217
0.278158
0.173367
0.206627
0.346856
0.312517
0.336976
0.577463
0.458207
0.357509
0.0741895
0.596109
0.315301
0.233785
0.587894
0.233083
0.207065
0.504345
0.197507
0.516631
0.455041
0.230092
0.455888
0.376519
0.480138
0.143364
0.368483
0.507181
0.629767
0.225279
0.682112
0.224314
0.471352
0.57364
0.10817
0.0713971
0.307419
0.108256
0.557409
0.291781
0.312789
0.486247
0.315582
0.261969
0.315238
0.164964
0.216345
0.534873
0.305127
0.324259
0.90934
0.215846
0.180773
0.340671
0.325807
0.182148
0.342517
0.316183
0.173635
0.585626
0.15888
0.979651
0.250371
0.690018
1.00379
0.48327
0.837133
0.343001
1.07038
0.157876
0.586227
0.309154
0.33835
0.122349
0.503573
0.236536
0.533816
0.572222
0.313196
0.46173
0.281298
0.223477
0.215779
0.172524
0.150246
0.242086
0.250601
0.161183
0.30484
0.4523
0.435128
0.317365
0.344108
0.501425
0.08059
0.30454
0.187818
0.188679
0.586657
0.680221
0.355191
0.201411
0.166768
0.0859179
0.302608
0.163933
1.18662
0.0970865
0.0920922
0.034539
0.235951
0.188678
0.315495
0.142882
0.230058
0.167455
0.776367
0.080483
0.334398
0.380106
0.555467
0.331154
0.175339
0.586485
0.505291
0.412486
0.354513
0.466197
0.0670799
0.237873
0.281728
0.327181
0.379567
0.261172
0.329155
0.0735447
0.466456
0.239817
0.548987
0.249896
0.92883
0.342559
0.428747
0.280697
0.44532
0.741053
0.564059
0.03093
0.786848
0.247594
0.327953
0.13661
0.108627
0.639325
0.438103
0.369625
0.181686
0.307591
0.199849
0.614237
0.481749
0.196706
0.635887
0.824179
0.584619
0.598428
0.108
0.560623
1.01153
0.413101
0.544311
0.280013
0.254149
0.316956
0.455329
0.317287
0.0329078
0.11599
0.370416
0.563458
0.325291
0.406447
0.221671
0.247704
0.373835
0.206914
0.312488
0.500758
0.160409
0.227943
0.327696
0.091503
0.560572
0.334644
0.442763
0.682628
0.382329
0.24371
0.237996
0.179464
0.311888
0.255772
1.12786
0.344313
0.500135
0.20582
0.535414
0.519038
0.836252
0.36679
0.34713
0.256006
0.201249
0.940903
0.2758
0.115517
0.251743
0.332593
0.225624
0.139961
0.396347
0.322798
0.407902
0.425215
0.120545
0.643706
0.475992
0.723698
0.395547
0.228201
0.337146
0.26384
0.182123
0.87309
0.364391
0.352441
0.237137
0.743774
0.441848
0.369709
0.752739
0.844543
0.471181
0.332213
0.32452
0.597257
0.380404
0.241623
0.460304
0.378278
0.430628
0.236192
0.698974
0.31584
0.311329
0.0600987
0.556422
0.34256
0.421521
0.591124
0.247848
0.342131
0.219267
0.499107
0.894581
0.46558
0.748872
0.11831
0.476336
0.14662
0.572223
0.591383
0.493004
0.502542
0.505378
0.168518
0.116881
0.225408
0.169474
0.263362
0.205089
0.497386
0.215829
0.38638
0.238081
0.415144
0.296357
0.0342163
0.240745
0.433893
0.568034
0.268497
0.0788715
0.113541
0.211426
0.141767
0.416451
0.161784
0.566474
0.192545
0.374179
0.287657
0.646862
0.506907
0.540347
0.278413
0.413873
0.131969
0.176563
0.709263
0.577118
0.215657
0.259733
0.357854
0.361671
0.207803
0.261021
0.53129
0.261366
0.383201
0.173469
0.406558
0.79206
0.42109
0.2772
0.658141
0.0851434
0.231973
0.53983
0.727907
0.25686
0.553019
0.0611236
0.422637
0.471353
0.482609
0.362579
0.296421
0.521961
0.249852
0.254579
0.224335
0.655133
0.37362
0.227858
0.195982
0.544384
0.575916
0.488708
0.613464
0.174588
0.657625
0.236105
0.135321
0.173715
0.680308
0.227406
0.135683
0.2604
0.432776
0.321062
0.335944
0.151647
0.338607
0.126843
0.208399
0.144085
0.295131
0.357473
0.300803
0.24416
0.81082
0.144127
0.111801
0.449078
1.26147
0.277433
0.331992
0.514957
0.162358
0.130252
0.205012
0.357382
0.153623
0.16408
0.405713
0.300803
0.133175
0.165609
0.544744
0.326752
0.346721
0.470519
0.572309
0.4009
0.15742
0.279324
0.411467
0.302607
0.119683
0.151096
0.153855
0.399671
0.0813631
0.391705
0.320049
0.575187
0.263858
0.861598
0.427877
0.0768954
0.241754
0.301748
0.591468
0.508126
0.310709
0.442484
0.443514
0.416793
0.467401
0.459075
0.455974
0.43037
0.741482
0.186874
0.116107
0.508556
0.502627
0.461528
0.351904
0.517836
0.123809
0.397168
0.716934
0.474962
0.535817
0.211534
0.355447
0.0277511
0.34849
0.659345
0.602637
0.217253
0.28785
0.145117
0.509759
0.0994618
0.0921746
0.207494
0.558646
0.327803
0.41314
0.529005
0.362923
0.690704
0.0893105
0.600575
0.498417
0.62575
0.133892
0.27825
0.258364
0.376777
0.215013
0.240525
0.133148
0.561998
0.375381
0.388294
0.236105
0.335685
0.524537
0.21832
0.489482
0.317338
0.330122
0.0899569
0.33122
0.287743
0.280011
0.49527
0.617638
0.257673
0.402454
0.552482
0.310426
0.399954
0.629112
0.198602
0.435912
0.527113
0.524107
0.311974
0.389362
0.519812
0.348832
0.262484
0.207754
0.260066
0.430971
0.328834
0.402017
0.581846
0.764682
0.497343
0.429769
0.326407
0.737754
0.635526
0.347112
0.325461
0.359156
0.144021
0.289591
0.378044
0.437982
0.364211
0.429595
0.382203
0.364298
0.435354
0.636249
0.186462
0.655307
0.26098
0.182492
0.217598
0.227771
0.217031
0.227083
0.248221
0.919851
0.207042
0.357702
0.294876
0.600957
0.344622
0.313561
0.381481
0.19538
0.525568
0.344944
0.69742
0.235664
0.556371
0.179398
0.445233
0.0837981
0.172954
0.608394
0.309394
0.318245
0.866507
0.252774
0.657385
0.468261
0.406806
0.444503
0.394111
0.416709
0.696332
0.276917
0.515946
0.245075
0.112737
0.176735
0.292103
0.175789
0.414474
0.215999
0.286196
0.185584
0.511133
0.172134
0.24328
0.72765
0.154701
0.669139
0.546961
0.161492
0.458487
0.0959217
0.679578
0.430827
0.184812
0.334397
0.360448
0.1087
0.555983
0.420403
0.362753
0.187165
0.392564
0.356564
0.284221
0.480229
0.363671
0.617243
0.205261
0.24023
0.239457
0.469003
0.789254
0.416349
0.24665
0.269356
0.393532
0.284136
1.37382
0.508772
0.345705
0.934511
0.599471
0.218577
0.40004
0.135838
0.290063
0.522372
0.416106
1.17862
0.229662
0.570073
0.805665
0.324634
0.457863
0.196719
0.222701
0.387796
0.394239
0.146491
0.358089
0.19815
0.302865
0.223303
0.181848
0.516134
0.264631
0.27116
0.245385
0.337954
0.622302
0.620681
0.393531
0.35153
0.359829
0.643689
0.743798
0.389472
0.272278
0.522475
0.220124
0.23121
0.404231
0.430583
0.378818
0.668536
0.6948
0.554406
0.363095
0.152591
0.415934
0.783154
0.534933
0.803087
0.50643
0.601935
0.404292
0.497644
0.51964
0.359683
0.965374
0.668933
0.418599
0.281395
0.248384
0.568742
0.878954
0.340042
0.0746917
0.844208
0.273738
0.368766
0.358552
0.174113
0.30919
0.378683
0.500737
0.325805
0.31417
0.385864
0.181612
0.401415
0.386464
0.677215
0.158367
0.262526
0.212096
0.428983
0.388182
0.370141
0.0920817
0.358456
0.167285
0.255439
0.174416
0.501957
0.194607
0.188764
0.652642
0.429081
0.253805
0.540775
0.282888
0.394283
0.413616
0.228029
0.540689
0.0869477
0.343978
0.25355
0.112445
0.294874
0.207518
0.40646
0.128877
0.123208
0.210564
0.249596
0.348617
0.706918
0.211876
0.0739743
0.315237
0.292297
0.356909
0.24779
0.305248
0.544089
0.238167
0.769148
0.590694
0.224255
0.357939
0.297367
0.223477
0.252861
0.336374
0.941074
0.176048
0.444804
0.488537
0.671008
0.604398
0.425042
0.525224
0.307633
0.425752
0.51877
0.366752
0.104649
0.374436
0.370464
0.48721
0.594817
0.232153
0.369496
0.414389
0.362579
0.627813
0.422321
0.750847
0.373104
0.267609
0.496544
0.529004
0.658485
0.11275
0.0487148
0.0793011
0.323098
0.326321
0.114873
0.25372
0.255359
0.147952
0.141702
0.13268
0.271075
0.500221
0.269872
0.306009
0.2779
0.281558
0.592346
0.551773
0.482199
0.30295
0.411188
0.444375
0.614837
0.479343
0.149413
0.273996
0.645131
0.609293
0.362406
0.137726
0.470579
0.467573
0.487678
0.169163
0.496956
0.380708
0.231382
0.10801
0.261881
0.178471
0.358992
0.352355
0.394627
0.36404
0.388505
0.573951
