0.868295
1.23196
0.719102
1.49785
0.341785
0.89848
1.47922
0.121319
0.572123
0.809802
2.07851
2.58004
0.537062
1.75468
0.697582
0.659778
0.778028
0.745098
0.56832
0.421437
0.533946
0.43395
0.957984
0.973294
0.557199
1.32952
0.734596
0.317884
0.241962
0.618148
1.262
1.57989
0.111932
0.495564
1.00305
1.56154
0.579874
0.833777
1.07873
0.249924
0.389851
0.491556
1.09548
1.23774
0.452055
0.586807
0.172522
0.594722
0.824101
0.969827
0.433455
0.49852
0.402084
0.746686
0.395904
2.20497
0.446387
0.14846
0.00924373
0.233351
0.432307
0.0974892
0.216784
0.278745
0.701049
0.570978
0.561098
1.01893
0.411618
0.670719
0.0288867
0.849231
0.555249
0.378038
0.0288867
1.58798
0.52167
1.15946
0.386269
1.2501
0.115542
0.186579
1.30461
0.849952
0.673318
0.921011
0.176346
0.51185
1.03879
0.764091
0.0658611
0.275133
0.507046
0.444849
1.58696
0.117983
2.2509
0.0904126
1.59549
0.22054
0.699935
0.827855
0.816085
0.707656
1.14364
0.415549
0.372379
0.103988
0.086369
0.429598
1.14791
0.708522
0.696716
0.411724
0.349079
0.587528
0.633745
0.416671
0.716646
1.40701
0.406418
0.484589
0.626199
0.152818
1.2194
2.06943
0.251028
0.484119
0.505702
0.349513
0.916823
0.67794
0.615403
0.906134
0.551567
2.41251
0.769182
0.685065
0.0738758
0.463486
0.186071
0.747409
0.58298
0.446423
0.318164
0.337491
0.551567
1.1882
1.39531
0.177863
0.123341
2.13521
0.37192
0.408776
0.608471
0.993658
0.311239
0.408583
0.432992
0.860352
0.670471
0.656132
0.651763
0.129768
1.42275
0.479524
0.115626
0.760605
1.49959
0.545355
0.273401
0.585564
0.0819883
0.126119
0.563844
1.81482
1.21911
0.259968
0.505928
0.479101
0.858503
0.26376
0.766907
0.653063
0.581463
0.374246
0.359477
0.504339
0.229206
0.523676
0.297375
0.549075
2.61832
2.08322
0.0675926
0.11771
2.08322
0.697495
0.687184
1.74367
1.54681
0.191983
0.107997
0.734411
0.196449
0.161817
0.382696
0.0749577
0.683574
0.334241
0.324961
0.229783
0.643638
0.476782
0.947297
1.54855
2.04176
0.0386706
0.842154
1.84646
1.37499
0.903103
0.622913
0.0662925
0.937812
0.150609
0.565719
0.397752
0.401151
0.0886788
1.89936
0.490617
0.0298977
2.27314
0.0994903
0.644721
0.31976
0.103988
1.18993
0.331026
0.114063
1.26504
1.28829
1.14877
1.17982
0.338535
0.0744019
0.714768
1.86571
0.402372
0.506217
0.33643
0.351024
0.288854
0.202197
0.59475
0.714914
0.239128
1.47373
1.2337
0.869595
0.548389
0.651221
0.493766
0.575686
0.273074
0.342291
1.02222
0.0439324
0.243424
0.0866567
0.76916
1.93316
0.642555
0.743654
0.115109
1.36657
0.411121
0.599515
0.410143
1.9112
0.362366
0.19411
0.0462173
1.60978
1.65391
0.815901
2.43638
0.312683
0.411328
0.84663
0.0866574
0.286686
0.69065
0.657721
0.517915
0.776872
1.06284
1.17477
0.553492
0.287468
0.577418
1.23384
0.897325
1.15556
1.52732
0.818323
0.534669
0.332673
0.556188
1.01165
0.288854
0.477765
1.00232
1.13895
1.61166
1.57137
0.494427
0.456787
0.293764
0.614682
0.573087
0.443534
1.29306
0.364614
0.110673
0.383886
0.0618973
0.336082
0.119021
0.515564
0.382477
0.538243
0.852986
0.624791
1.04849
0.37031
0.570197
0.34657
1.12904
0.366844
0.246644
0.658876
1.69706
0.121247
0.633456
1.12335
0.231495
0.498417
1.06919
1.26592
0.396019
0.607088
0.477042
0.306039
1.25704
1.46926
0.923105
0.715346
0.3615
0.341858
0.549833
0
0.535535
0.44368
0.711556
0.675052
0.563844
0.973438
0.191201
0.111787
0.130605
0.848412
0.407814
0.103988
0.33146
0.361211
0.581029
0.448878
0.576698
0.278311
0.364932
0.619158
0.48022
0.661332
0.630567
0.370358
0.247403
0.671828
0.383399
0.588973
0.530444
1.19037
1.04421
0.379609
0.0905584
0.237849
1.63419
0.151107
1.12104
1.36368
0.299542
1.1886
1.1635
0.251213
0.565973
0.744377
0.741776
0.604935
0.364476
1.23485
0.432214
1.17571
0.995371
0.521092
0.202197
0.676062
0.58612
0.723904
0.0652823
0.320916
0.226173
0.788572
1.03005
0.537919
0.10471
0.779762
0.118332
1.73009
0.196276
0.985281
0.308042
2.14691
1.54882
2.36875
0.789004
0.193213
0.274267
0.129986
0.683573
0.322649
0.192159
0.10202
1.65936
0.249137
0.0506722
0.234694
0.353844
2.05722
0.493121
0.350523
0.802725
2.13723
0.0577733
0.614392
0.40555
0.14645
0.766412
0.9384
0.424182
0.0223862
0.399677
0.555466
1.62567
0.641833
0.363306
0.268924
1.37812
1.0754
2.45613
2.16719
0.476845
0.414072
0.388365
0.39656
0.849374
1.07372
0.72329
1.42246
0.650247
0.656529
0.554427
0.650726
0.78164
1.23442
0.568984
1.42073
0.465884
3.75351
0.826917
0.729213
0.304967
0.566733
0.262713
0.606535
0.0452076
0.61488
1.7105
0.0866567
0.256936
0.257368
0.620351
0.498273
0.215211
0.0683209
0.481231
0.609385
0.810928
0.431692
0.216494
0.564674
0.589551
1.08797
0.217507
0.30656
2.10456
0.834326
2.12885
0.152082
0.755641
1.9658
0.315515
0.168546
0.929821
1.8244
0.820092
0.431259
0.514305
0.288854
0.386775
0.796371
0.0807365
0.510982
1.12292
0.421948
0.795503
0.467509
0.65281
0.417436
0.489029
0.0382597
0.13655
0.084898
0.686895
0.960729
0.267334
0.173312
0.486899
0.740736
0.565865
0.445268
0.675702
0.316151
0.579978
0.768929
1.99439
0.75983
0.266078
0.745785
0.259968
1.12465
0.540626
1.25258
0.596771
0.144902
0.689927
0.760235
0.622768
1.15874
1.81631
0.293795
0.641399
1.60661
0.916173
0.197431
0.478775
0.813557
0.478234
0.259968
0.986148
0.235993
0.536154
0.432198
0.523981
0.0965161
0.68446
0.610782
0.305028
1.39882
0.120994
1.12774
0.90599
0.595474
0.566732
1.2939
1.1053
2.54452
0.645733
1.25641
1.02832
0.702205
1.96175
0.832621
0.0472899
1.13577
1.05256
0.953795
0.419271
0.577749
1.30418
1.48875
0.718489
0.0414331
1.11238
0.326982
1.7966
0.76929
0.482303
1.15188
0.474155
0.184454
0.607026
0.798392
1.47662
1.66048
0.607027
0.356281
0.0452294
0.116987
0.0725046
0.0734433
0.0632055
0.106654
0.0491781
0.108784
1.93922
0.481188
0.587776
0.681009
1.26793
0.636344
0.631182
0.51286
1.16368
0.538134
0.712169
0.978348
0.266142
0.170021
0.963988
2.182
0.468953
0.152227
0.49849
0.368433
0.307954
0.799982
0.391426
2.86991
0.823147
0.991058
0.0866573
0.256241
1.67853
1.68084
0.607748
1.23528
0.167138
0.103815
1.69095
0.154681
0.854574
0.454078
0.39804
0.853853
0.397173
0.594606
0.38172
0.65393
0.669707
0.55951
1.60646
1.02428
1.00435
0.419416
0.560955
0.28683
0.27301
0.674929
0.702186
0.14005
0.199598
0.550205
0.383524
0.749923
0.0756808
1.83437
0.18566
0.226387
0.0505701
0.772083
0.227201
0.392158
0.110054
0.0896031
0.829794
0.239894
0.0645587
0.347924
0.178801
1.54346
0.235344
0.0906853
0.514305
0.651221
1.02875
0.0283089
0.115542
0.0864901
0.257224
0.496175
0.360027
1.60141
0.46491
0.106876
0.220395
0.141107
0.109622
0
0.0577707
1.18921
0.306307
0.299964
0.4843
0.348141
0.716755
1.2594
1.58422
0.0332178
0.949319
0.471409
0.867948
0.765282
0.390061
0.288854
0.375654
0.0434383
0.599661
0.557344
0.528277
0.546908
0.650138
1.23976
0.441803
0.153772
0.387931
0.654977
0.598795
1.6261
0.893252
0.572221
0.835832
1.21319
0.785394
0.43328
1.01518
1.33508
0.701337
0.304741
0.499861
0.662238
0.370542
0.697727
1.26622
0.528107
0.767918
0.56962
0.112901
0.0980176
0.96795
0.753166
1.66842
0.337959
0.11716
0.0577703
1.55808
0.586593
1.51944
0.573416
0.460867
0.442669
0.43328
0.69296
0.775862
0.393129
0.692817
0.739899
0.408873
1.94115
0.525352
0.761563
0.526291
1.06876
0.426782
0.700471
0.460867
1.00796
1.19961
0.712459
0.75131
0.253011
1.36917
0.461985
0.641776
0.613418
0.101995
0.842905
0.996835
0.313695
0.663785
0.392886
0.760908
0.428515
0.638656
0.917317
0.253758
0.816842
1.84448
0.493754
0.536402
1.32654
1.11765
0.800415
0.538856
1.67275
0.467476
0.587818
0.184361
0.0653556
1.40827
0.494807
1.46547
0.486286
1.05157
1.02146
1.61943
0.293909
0.202487
0.956808
1.28757
0.606448
0.466447
0.851397
0.708414
0.306473
0.625803
0.239734
0.349701
0.858763
0.397318
0.945563
0.805036
1.22344
0.485708
1.89662
2.14821
0.404105
0.471489
0.538713
1.15065
0.302718
0.563265
0.829444
0.331893
0.377099
0.144427
0.153197
1.21849
0.258669
0.123053
0.574674
1.04586
0.274843
0.0928305
0.269552
0.798862
1.92319
0.39313
1.08778
0.493362
0.336515
0.166613
0.231806
0.208985
0.570198
0.386774
1.13335
0.890577
1.05324
0.618184
0.456787
1.21824
0.19783
0.199499
0.591861
0.760264
0.996437
0.198391
0.30373
0.487874
1.07728
0.527411
0.946286
0.326403
1.43474
0.310938
0.553191
0.478699
1.31252
0.284809
0.894044
0.291165
1.38159
1.77125
0.669419
0.439433
0.430536
1.63564
1.55793
0.908158
0.079875
1.09338
0.289575
1.27847
0.386631
0.0577732
0.0315115
1.56362
1.04146
0.16512
2.25701
1.09996
0.037986
0.132399
0.0945649
0.16147
0.298675
0.99491
1.40166
0.0621462
1.61903
0.18554
0.211008
0.173312
0.132874
0.0385156
0.0649943
0.181256
0.764452
2.9323
0.119153
0.47531
0.623492
0.645935
0.290298
0.43357
0.185299
0.219906
0.313586
0.119153
0.432944
0.130852
0.0618169
0.315284
0.6598
0.154136
1.00666
1.31024
0.313954
0.921444
0.605618
0.48253
0.826093
0.561532
0.38793
0.670863
0.446567
1.50349
0.367638
0.532285
0.715491
1.57418
0.88577
0.95116
1.93771
0.361019
0.757158
0.759
0.30064
1.45075
1.56913
0.65931
0.0274414
0.474779
0.755498
0.653387
0.826267
0.878549
0.371445
0.324528
1.20261
0
0.80991
0.703756
1.9697
0.4665
0.428009
0.446567
0.655409
0.607459
0.305163
0.783949
0.563265
0.57612
0.722495
0.233972
0.556621
0.619881
0.736144
0.413824
0.803376
0.746326
0.191913
0.795937
0.265368
0.0462161
0.414107
0.35854
6.20155
0.145583
0.622914
0.513437
0.881468
0.712685
0.173313
0.668841
0.690649
0.502068
0.526761
0.48773
0.793916
0.173312
0.156164
0.173313
0.272821
0.595762
0.971705
0.902861
1.50305
1.31966
0.0677509
0.314704
0.491232
0.450468
0.562562
0.18075
0.167693
0.602821
1.96004
0.293611
0.683861
0.31384
0.772107
1.27142
0.245815
0.279776
0.685451
2.59232
2.52877
1.11818
0.286976
0.506246
0.501017
0.94986
0.373488
0.907579
0.129986
0.41195
1.09606
0.267623
0.447361
0.051994
0.537847
0.435015
0.652666
0.175788
1.02935
0.182953
0.681226
0.546974
0.608037
0.485411
0.628077
0.913357
0.0673026
1.23918
0.460301
0.197432
0.239107
0.239281
0.840131
1.29854
0.71164
1.52206
0.374209
0.658587
0.361645
1.20986
0.263434
1.43127
0.178186
1.52082
0.193569
0.276866
0.0948891
0.556642
0.275842
0.322853
0.30734
0.210104
0.539749
0.732244
2.54794
0.420378
1.22992
0.50109
0.0742365
0.618291
0.0959288
0.0474958
0.255152
1.38093
0.351534
0.500749
0.88377
0.060804
0.376809
0.238016
0.0566179
1.38116
0.866735
0.281308
0.215287
0.0943343
0.857606
0.866778
0.660862
0.973582
0.604968
1.23557
4.51464
0.870548
0.431693
0.422593
1.08566
0.342725
0.197576
0.953434
0.758025
1.55909
0.595183
0.732822
1.1417
0.366411
0.7616
0.904113
0.388219
0.684909
0.111788
0.207029
0.487333
0.274159
0.234838
0.108177
0.13096
1.5816
0.469785
0.540012
0.457399
0.481918
0.259679
0.515459
0.629341
0.478094
0.887215
1.52255
0.752608
0.0641908
0.700037
0.102978
1.15296
1.18011
0.882449
1.89026
0.0577722
0.0288867
0.152588
0.480076
1.22597
0.565141
1.5588
1.02493
0.532069
1.30223
0.675051
0.38562
1.3502
1.391
0.247678
1.42578
0.485419
1.27883
1.01243
1.29898
0.961161
0.0877324
0.226673
0.342943
0.0443177
0.103988
1.08537
1.15657
0.569703
0.534524
0.680396
0.439129
0.311695
0.767341
0.897181
0.719427
0.441513
0.384861
0.663461
0.561244
0.384178
1.21636
0.483108
0.399547
0.122187
0.134075
0.649488
0.271234
0.938775
0.0482045
0.884038
0.660465
0.146016
0.0142989
0.706969
0.861114
0.739728
0.396453
0.669563
0.820057
0.113954
0.432415
0.344776
1.00319
0.843165
0.330158
1.0846
0.330593
0.326389
0.127601
0.568176
0.11843
0.392986
1.61343
0.142728
