0.511316
1.08934
0.559041
1.09682
0.158275
0.817305
1.22355
0.110524
0.648516
0.60917
1.41186
2.02989
0.491323
1.23869
0.833246
0.544202
0.491133
0.745521
0.662374
0.393147
0.603289
0.35517
0.493538
0.781079
0.377888
0.996766
0.606763
0.240085
0.178771
0.602351
0.859012
1.30001
0.0787375
0.557637
0.8796
1.15604
0.460922
0.780544
0.742713
0.287941
0.305068
0.516131
0.438062
0.795918
0.594064
0.614383
0.17098
0.785303
0.421485
0.838293
0.346052
0.764025
0.36307
0.657693
0.348781
1.86788
0.434921
0.131443
0.0744599
0.167632
0.417576
0.0821883
0.163621
0.227788
0.514927
0.463835
0.474422
0.636573
0.40892
0.725993
0.0802067
0.683896
0.392011
0.364098
0.10213
0.990818
0.207335
0.893001
0.418077
0.978922
0.140763
0.112414
1.14535
1.02116
0.641788
0.704213
0.0943784
0.684741
0.595133
0.637242
0.0802067
0.206397
0.367747
0.272903
1.29092
0.0507711
1.46511
0.148651
1.13318
0.133677
0.669725
0.594466
0.587815
0.996667
0.786526
0.372838
0.270682
0.0810104
0.0697827
0.453868
1.02183
0.443143
0.432982
0.44204
0.369217
0.62892
0.605694
0.414401
0.629622
1.59771
0.324703
0.576184
0.583905
0.135229
1.28718
1.95853
0.290384
0.442073
0.466917
0.338873
0.711433
0.583236
0.516798
0.521878
0.650076
1.70459
0.611676
0.529052
0.106942
0.419023
0.184029
0.767978
0.52004
0.199715
0.313458
0.291848
0.677612
1.42901
1.50935
0.185378
0.12606
1.26626
0.448479
0.323811
0.489261
0.589118
0.627216
0.381384
0.422155
0.703947
0.800118
0.400366
0.728577
0.321027
1.26619
0.361513
0.0474385
0.721787
1.1503
0.653284
0.329783
0.559762
0.0805639
0.0922392
0.778272
1.19579
0.888154
0.218162
0.470144
0.393815
0.585829
0.225581
0.581899
0.61328
0.491868
0.494875
0.274307
0.678281
0.250778
0.54309
0.341816
0.422689
2.00703
1.89672
0.0538198
0.143571
1.27769
0.568023
0.748595
1.50882
1.16206
0.128295
0.164274
0.959538
0.235126
0.16544
0.307692
0.0944983
0.378308
0.225681
0.452768
0.187417
0.441036
0.376041
0.791907
1.00365
1.53328
0.0412079
0.861018
1.29905
0.806536
0.844308
0.374699
0.080207
0.901522
0.189609
0.476695
0.347562
0.417137
0.0668401
1.41765
0.391543
0.100926
1.69156
0.128331
0.616255
0.291651
0.0837095
0.663845
0.181802
0.108681
0.799125
1.05833
0.814633
1.17516
0.0993243
0.0869683
0.377105
1.35161
0.520408
0.194367
0.385464
0.227293
0.278139
0.344086
0.384324
0.497282
0.20529
1.09656
0.866766
0.463461
0.366144
0.429774
0.775438
0.523749
0.15891
0.178192
0.767778
0.119559
0.258776
0.0267367
0.553747
1.0471
0.300507
0.575349
0.209338
0.818242
0.360587
0.641921
0.569147
1.14685
0.380715
0.0534733
0.139024
1.34052
1.6458
0.455265
1.99364
0.0511995
0.402905
0.674458
0.128274
0.217895
0.433818
0.642456
0.45798
0.336601
0.791338
0.827332
0.688574
0.420443
0.46453
0.6851
0.783219
0.983199
1.29908
0.458247
0.380448
0.272302
0.67093
0.83392
0.500623
0.414935
1.34573
0.665448
0.935477
1.06648
0.351757
0.31772
0.287006
0.743515
0.663977
0.176188
1.32474
0.306486
0.0773991
0.260489
0.0572906
0.499019
0.187649
0.40395
0.376971
0.571072
0.773325
0.681858
0.758554
0.308261
0.5688
0.358875
0.952774
0.597673
0.473921
0.506639
1.10543
0.16302
0.673735
0.672533
0.365857
0.246768
0.824657
0.967131
0.424393
0.611747
0.645797
0.542197
0.746884
1.16917
0.635136
0.650476
0.417743
0.313708
0.564119
0.0711179
0.603422
0.432848
0.917663
0.544871
0.668789
0.700738
0.221943
0.0267367
0.346722
0.783619
0.34529
0.143089
0.33386
0.334596
0.555231
0.3106
0.508109
0.340477
0.397724
0.450494
0.337536
0.691381
0.403306
0.279744
0.186078
0.592599
0.369001
0.481107
0.300173
0.771722
0.890854
0.202773
0.053739
0.19963
1.12623
0.0937422
0.808617
0.893769
0.391809
1.00509
0.980392
0.223451
0.274006
0.561045
0.558105
0.431233
0.450494
0.450228
0.38092
1.02604
0.705876
0.833747
0.111888
0.658229
0.494474
0.509914
0.172845
0.323055
0.212922
0.653884
0.555298
0.4661
0.125345
0.732688
0.0882007
1.25122
0.133411
0.660903
0.304978
1.05766
1.20906
2.06946
0.479903
0.178911
0.353176
0.0996568
0.343018
0.147982
0.191193
0.0996757
1.14655
0.107878
0.103173
0.157873
0.372828
1.46631
0.514525
0.153997
0.807413
1.77163
0.0534732
0.526269
0.262676
0.0897324
0.478147
0.724267
0.436274
0
0.290437
0.718251
1.65052
0.962078
0.363337
0.398694
0.977985
0.794447
1.69931
1.58288
0.444199
0.627483
0.24356
0.35702
0.403306
0.953986
0.493537
0.574546
0.749932
0.730382
0.440575
0.755718
0.455707
0.927088
0.457419
1.17342
0.433718
0.424694
0.51232
0.55864
0.204298
0.201988
0.358256
0.380019
0
0.555331
1.24204
0.119641
0.107744
0.237947
0.505603
0.578958
0.184475
0.101395
0.30425
0.321941
0.857088
0.536849
0.0327524
0.467605
0.622805
0.813429
0.132342
0.334195
1.86992
0.616147
1.43276
0.0802067
0.715177
1.35295
0.197469
0.171242
0.710115
1.42915
0.594331
0.267489
0.494234
0.510783
0.503831
0.671731
0.146377
0.233267
0.615186
0.380982
0.578157
0.280189
0.530166
0.453282
0.6343
0.0847788
0.140386
0.117951
0.361064
0.826262
0.29496
0.128982
0.481842
0.778966
0.550218
0.417074
0.609971
0.368818
0.695048
0.652749
1.03333
0.737901
0.241102
0.377472
0.265752
0.817573
0.425397
0.711543
0.634569
0.168707
0.390072
0.655609
0.502094
0.885213
1.23933
0.275997
0.453569
1.15925
0.552523
0.0975853
0.429106
0.313073
0.33426
0.270297
0.845913
0.160681
0.539905
0.373162
0.448489
0.227887
0.495333
0.782549
0.469076
0.889949
0.122015
1.00066
0.600747
0.377773
0.516612
1.07064
0.793444
2.39637
0.454638
1.12996
0.977184
0.387532
1.26606
0.48124
0.0661141
1.19641
0.805503
0.839228
0.335398
0.395648
1.09081
0.921307
0.648973
0.0708831
0.773593
0.386195
1.0095
0.843774
0.346951
0.95105
0.554027
0.159383
0.570136
0.52883
1.02664
1.44104
0.477898
0.151133
0.0613587
0.0473239
0.102531
0.0200525
0.0868742
0.161986
0.145676
0.154478
1.33985
0.730683
0.803212
0.5047
1.39132
0.678147
0.541596
0.291017
0.763667
0.720924
0.555298
0.727341
0.171142
0.133225
0.792671
0.342383
0.602486
0.145977
0.514225
0.308797
0.448857
0.449961
0.340237
2.04072
0.547811
0.863691
0.0883778
0.102344
1.15137
1.29641
0.624542
1.07359
0.133494
0.14472
1.2285
0.0267367
0.597673
0.388335
0.364807
0.735228
0.206131
0.727073
0.310133
0.598944
0.56265
0.425897
1.14054
0.60008
0.953522
0.368836
0.373229
0.370421
0.400111
0.618622
0.441037
0.123395
0.124186
0.425382
0.293425
0.604437
0.0802067
1.45722
0.204327
0.172143
0.0687486
0.531875
0.129785
0.333697
0.0879119
0.0672131
0.608424
0.159344
0.152795
0.581499
0.281258
1.07216
0.0845532
0.105685
0.674539
0.842437
0.783887
0.0359156
0.0689785
0.0555277
0.19303
0.359536
0.147526
1.33798
0.409589
0.0534722
0.309798
0.094511
0.0826127
0.0267367
0.102532
0.712235
0.184517
0.273967
0.290048
0.370555
0.69068
1.22288
1.46457
0.12178
1.00994
0.562249
0.875936
0.657193
0.32975
0.280054
0.449291
0.136953
0.549816
0.558238
0.629622
0.574681
0.445348
0.824791
0.407049
0.166549
0.678683
0.344354
0.406247
1.02905
0.697076
0.659833
0.726796
1.12744
0.53391
0.217895
0.701541
0.840164
0.686703
0.308128
0.473085
0.524666
0.351225
0.554228
0.791399
0.539218
0.77493
0.643793
0.116072
0.113805
0.595534
0.560989
1.59357
0.384323
0.0640859
0.049061
1.26245
0.407867
0.889491
0.389576
0.434453
0.348498
0.310266
0.773058
0.551421
0.675875
0.543934
0.700873
0.164957
1.5819
0.468507
0.559576
0.347696
1.14268
0.427769
0.426165
0.659833
0.955929
1.10137
0.642724
0.689135
0.282988
1.39158
0.66792
0.517413
0.307192
0.0353726
0.612698
0.690846
0.490998
0.888556
0.388015
0.623576
0.385493
0.550886
0.701578
0.345289
0.606061
1.51524
0.434519
0.475626
0.819411
1.09141
0.886951
0.749531
1.21139
0.447738
0.30639
0.218814
0.0366287
0.899116
0.4157
1.1637
0.468941
0.902993
0.488659
1.0009
0.279254
0.234662
0.622747
1.07931
0.376169
0.494948
0.777337
0.425229
0.378175
0.486588
0.318019
0.32211
1.0004
0.303983
0.673201
0.6466
0.835151
0.498083
1.55681
1.70399
0.191293
0.373581
0.346361
1.00445
0.291418
0.510343
0.9185
0.518136
0.272169
0.255993
0.138522
1.07377
0.182871
0.125124
0.321362
0.490609
0.291951
0.238314
0.261261
0.679148
1.19053
0.325506
0.889492
0.414898
0.298168
0.185572
0.0851532
0.27043
0.600482
0.222441
1.07281
1.06297
0.535781
0.732487
0.367748
0.961542
0.366403
0.190641
0.372693
0.706086
0.758153
0.119461
0.319891
0.523817
0.497148
0.331554
0.628418
0.513991
1.90076
0.400706
0.313909
0.496196
0.889842
0.288811
0.587685
0.342796
0.861018
0.777737
0.556806
0.358284
0.448221
1.27328
1.12423
0.88655
0.113232
0.798157
0.193299
1.25029
0.267355
0.122315
0.150643
1.40931
0.583503
0.217214
1.39901
0.890025
0.180198
0.129478
0.112991
0.109449
0.220434
0.877906
0.860483
0.0460619
1.00165
0.138757
0.171642
0.188888
0.126259
0.0178244
0.0543423
0.0379661
0.549148
1.66522
0.0787029
0.389269
0.413466
0.486534
0.206371
0.298769
0.136753
0.343778
0.27902
0.0562453
0.438597
0.1317
0.0716542
0.20426
0.747044
0.148938
0.829737
1.31066
0.265725
0.741511
0.972906
0.531235
0.59401
0.918099
0.241156
0.52923
0.494742
1.36605
0.287642
0.701808
0.388868
0.913586
0.829739
0.591123
1.14515
0.381561
0.501092
0.661606
0.296933
1.18316
0.891897
0.296765
0.0859547
0.404999
0.47469
0.65355
0.690179
0.382587
0.192209
0.12686
0.969016
0.154129
0.708626
0.607766
0.610105
0.66224
0.318086
0.619998
0.974376
0.755467
0.310276
0.713037
0.494173
0.654888
0.669926
0.300776
0.442874
0.342215
0.474288
0.300118
0.609704
0.711834
0.2387
0.686301
0.30386
0.053099
0.447453
0.340778
0.78081
0.109082
0.15627
0.464797
0.57428
0.386023
0.169236
0.642055
0.656224
0.573201
0.434921
0.426967
0.98614
0.270938
0.12903
0.0267367
0.494607
0.543935
1.01929
0.622136
1.12142
1.34584
0.0653687
0.233937
0.545004
0.546341
0.382837
0.180331
0.240352
0.489981
1.65352
0.320354
0.674271
0.17886
0.453034
0.889411
0.325238
0.216902
0.407049
1.57886
1.9549
1.02344
0.406114
0.111808
0.493271
0.83826
0.313609
0.5954
0.132642
0.455358
1.24347
0.305722
0.459584
0.171001
0.427101
0.324837
0.84431
0.128589
0.829337
0.1172
0.379077
0.451242
0.729212
0.417075
0.457613
0.534845
0.190492
1.27208
0.556233
0.266286
0.17803
0.140361
0.43432
0.889893
0.734782
1.00965
0.286605
0.460253
0.249978
1.2829
0.293556
1.29132
0.134045
1.14732
0.372961
0.410391
0.239919
0.415756
0.246344
0.194076
0.437795
0.114429
0.489443
0.702109
1.99313
0.452038
1.27316
0.36867
0.0716527
0.861017
0.0508522
0.0430892
0.21795
1.22796
0.469744
0.610945
0.842055
0.0169769
0.270932
0.0593551
0.210143
0.813696
0.626895
0.268692
0.238765
0.0952174
0.707022
1.06685
0.570069
0.717582
0.471014
0.997903
3.1187
0.984616
0.347428
0.417209
1.09923
0.539925
0.213885
0.553426
0.697196
1.36752
0.645396
0.257464
1.38383
0.397558
0.468708
0.576419
0.468106
0.48535
0.108535
0.163986
0.53157
0.283131
0.253088
0
0.141465
1.11212
0.335163
0.353712
0.443944
0.211746
0.190624
0.370689
0.273806
0.295045
0.638979
0.832278
0.543133
0.0447674
0.571472
0.0911248
0.655824
0.807949
0.903795
1.82577
0.0334208
0.208137
0.177858
0.445849
1.09743
0.522413
1.16025
0.742512
0.363737
0.846832
0.783847
0.357054
1.19722
1.06419
0.170767
1.06889
0.440067
1.0093
0.920771
0.987476
0.778138
0.0896965
0.244651
0.300875
0.0499343
0.0384996
0.909944
1.31231
0.480897
0.465466
0.495945
0.668924
0.469209
0.469477
0.35438
0.585709
0.237945
0.580196
0.559441
0.376839
0.399028
1.05819
0.500249
0.365857
0.0872919
0.0913401
0.705016
0.275911
0.802468
0.137755
1.12864
0.532306
0.0922384
0.152392
0.772925
0.762422
0.966416
0.673202
0.277917
0.733355
0.202253
0.564522
0.337643
0.657961
0.93561
0.587112
0.917316
0.253534
0.349982
0.136553
0.413733
0.0941091
0.503163
1.02243
0.150506
