chr1	3878000	3878600	0.2857142857142857
chr1	4921800	4922400	0.8783185840707964
chr1	5040400	5041000	0.46808510638297873
chr1	5047000	5047600	0.8805194805194805
chr1	5071800	5073000	0.7689655172413793
chr1	5423200	5423800	0.9473684210526315
chr1	6012800	6013400	0.5569620253164557
chr1	10805000	10806000	0.05244755244755245
chr1	13514300	13515200	0.7587719298245614
chr1	15020200	15020800	0.7777777777777778
chr1	15862300	15863000	0.5151515151515151
chr1	15917600	15918200	0.8654353562005277
chr1	16711600	16713700	0.85
chr1	17239200	17240000	0.6241610738255033
chr1	17685600	17686400	0.8389830508474576
chr1	17903400	17904200	0.5604801477377654
chr1	19009200	19009800	1.0
chr1	19398600	19399200	0.790948275862069
chr1	22061000	22061600	0.5441176470588235
chr1	22158000	22158600	0.7887323943661971
chr1	30165400	30166000	0.8263305322128851
chr1	30573800	30576000	0.9239332096474954
chr1	31300800	31301400	0.8227848101265823
chr1	31383800	31384400	0.8007246376811594
chr1	31454200	31454900	0.9829683698296837
chr1	33407400	33408200	0.5515649050795279
chr1	35896400	35899200	0.8409090909090909
chr1	37200400	37201000	0.9754098360655737
chr1	37874900	37875800	0.13692307692307693
chr1	38299200	38299800	0.6985294117647058
chr1	38315200	38315800	0.12595419847328243
chr1	39519200	39519800	0.7684478371501272
chr1	40014000	40014600	0.5792880258899676
chr1	40457800	40458600	0.5941422594142259
chr1	41071800	41072400	0.7569444444444444
chr1	41213600	41214200	0.8775510204081632
chr1	41467800	41468400	0.532608695652174
chr1	46473200	46473800	0.0058823529411764705
chr1	46501400	46502000	0.5364238410596026
chr1	48466800	48469000	0.8333333333333334
chr1	49417700	49419400	0.6545454545454545
chr1	49474400	49475200	0.7412587412587412
chr1	49834000	49834600	0.9384615384615385
chr1	52991800	52992400	0.9838709677419355
chr1	57542000	57542600	0.9148936170212766
chr1	60901000	60901600	0.49362244897959184
chr1	63198700	63201000	0.2650246305418719
chr1	65417600	65418600	0.6670480549199085
chr1	65570600	65571200	0.8681318681318682
chr1	69831400	69832000	0.7333333333333333
chr1	72380000	72382000	0.49173553719008267
chr1	76311900	76312600	0.74573055028463
chr1	83446600	83447200	0.784
chr1	83673000	83673600	0.8025682182985554
chr1	84685800	84689600	0.8431522570772763
chr1	84973800	84974400	0.9032258064516129
chr1	88265800	88266600	0.46410684474123537
chr1	89143500	89146000	0.3269689737470167
chr1	89887400	89888000	0.19148936170212766
chr1	91356900	91357600	0.6666666666666666
chr1	92527000	92528600	0.8045375218150087
chr1	92847600	92850800	0.08514851485148515
chr1	92919000	92920200	0.1337099811676083
chr1	96115400	96116000	1.0
chr1	98110000	98110800	0.7635467980295566
chr1	100986200	100987200	0.7948717948717948
chr1	101040000	101040600	0.6693386773547094
chr1	101291200	101291800	0.8283582089552238
chr1	102111200	102111800	0.21359223300970873
chr1	103746300	103747600	0.4584717607973422
chr1	106637600	106638200	0.6
chr1	109251200	109251800	0.7864077669902912
chr1	112331800	112332600	0.6643356643356644
chr1	117089200	117091200	0.8869731800766284
chr1	118864600	118865200	0.21367521367521367
chr1	120994000	120994600	0.6510067114093959
chr1	125096800	125097400	0.8387096774193549
chr1	129436400	129437200	0.6048387096774194
chr1	130199400	130200200	0.5879478827361564
chr1	130685800	130686800	0.9626556016597511
chr1	131736200	131736800	0.40816326530612246
chr1	133729400	133732000	0.14794007490636704
chr1	139975800	139976400	0.39097744360902253
chr1	145807400	145808000	0.6586538461538461
chr1	147592000	147592600	0.8247863247863247
chr1	148131400	148132000	0.4742857142857143
chr1	154472000	154472600	0.20361990950226244
chr1	164224800	164226600	0.6157786885245902
chr1	165655400	165657400	0.3224932249322493
chr1	169112800	169113600	0.6346604215456675
chr1	172541000	172541600	0.20833333333333334
chr1	173988000	173988600	0.6413934426229508
chr1	174787200	174788000	0.7694805194805194
chr1	181713600	181715600	0.8468809073724007
chr1	182872200	182872800	0.9821428571428571
chr1	183357000	183359000	0.24974515800203873
chr1	185076400	185077000	0.6879194630872483
chr1	187337800	187338400	0.5636363636363636
chr1	187392600	187393800	0.5980184005661713
chr1	189460000	189460600	0.0
chr10	3446900	3447600	0.9411764705882353
chr10	4794400	4795000	0.7682926829268293
chr10	5963000	5963800	0.8406862745098039
chr10	6221200	6222000	0.8189655172413793
chr10	6514400	6515200	0.07807308970099668
chr10	10593200	10594500	0.8018867924528302
chr10	13089600	13092100	0.20428462127008415
chr10	13127000	13128000	0.7070063694267515
chr10	18531400	18532000	0.04
chr10	18716200	18717000	0.8074074074074075
chr10	20294400	20295000	0.3870967741935484
chr10	23480800	23481600	0.8036363636363636
chr10	23501000	23501600	0.7741935483870968
chr10	23659200	23660000	0.8291457286432161
chr10	25026800	25027400	0.813953488372093
chr10	28907300	28908100	0.6807228915662651
chr10	29076800	29077400	0.8556149732620321
chr10	29723800	29724400	0.8253968253968254
chr10	30058200	30058800	0.6206896551724138
chr10	31080600	31081200	0.7727272727272727
chr10	32527600	32528200	0.5389221556886228
chr10	33685800	33688200	0.7898089171974523
chr10	38224200	38225000	0.6464646464646465
chr10	39140800	39142800	0.20703125
chr10	40050400	40051000	0.4253731343283582
chr10	40645900	40648000	0.8539682539682539
chr10	47219600	47221800	0.6863753213367609
chr10	47732800	47733400	0.943089430894309
chr10	48290800	48291500	0.37254901960784315
chr10	50447000	50447600	0.641860465116279
chr10	51444400	51445100	0.3807531380753138
chr10	52114600	52115200	0.32751091703056767
chr10	52502800	52503400	0.35294117647058826
chr10	53194600	53195200	0.9101382488479263
chr10	60305800	60306400	0.9259259259259259
chr10	62367200	62368000	0.664179104477612
chr10	63076000	63076800	0.11961722488038277
chr10	64622000	64623800	0.8503401360544217
chr10	68035600	68036800	0.6789366053169734
chr10	68243700	68245800	0.8294314381270903
chr10	69986200	69993500	0.29212156978459725
chr10	72690600	72691400	0.8804347826086957
chr10	74243200	74244000	0.9920844327176781
chr10	78905400	78906000	1.0
chr10	81799400	81802600	0.824634655532359
chr10	81958200	81961900	0.8632958801498127
chr10	83652200	83652800	0.5348258706467661
chr10	83844200	83844800	0.8785714285714286
chr10	85211000	85211600	0.9375
chr10	85658000	85658800	0.5236842105263158
chr10	86848400	86849000	0.1791044776119403
chr10	88625000	88625800	0.8802395209580839
chr10	90471400	90474000	0.7880794701986755
chr10	91585200	91587000	0.8310344827586207
chr10	97541600	97542200	0.6836581709145427
chr10	98090200	98090800	0.6041666666666666
chr10	98794200	98794800	0.8647342995169082
chr10	100646400	100647000	0.46774193548387094
chr10	101423600	101424200	0.7361111111111112
chr10	101923600	101924200	0.6162790697674418
chr10	102323500	102324200	0.8636363636363636
chr10	103518600	103519200	0.7220338983050848
chr10	112812200	112813000	0.6293103448275862
chr10	116455400	116456200	0.8095238095238095
chr10	119498200	119498800	0.8181818181818182
chr10	121266700	121267800	0.1952941176470588
chr10	122815000	122815700	0.013333333333333334
chr10	129816400	129818600	0.7927272727272727
chr10	130201000	130201600	0.8013245033112583
chr10	130473200	130473800	0.8636363636363636
chr11	3133600	3136000	0.28707037643207856
chr11	4013200	4016200	0.8101545253863135
chr11	5202200	5204000	0.6070726915520629
chr11	5457100	5458400	0.1596153846153846
chr11	5535400	5536000	0.7700348432055749
chr11	5808000	5809800	0.8808510638297873
chr11	7401600	7402200	0.4166666666666667
chr11	8399600	8400200	1.0
chr11	10216800	10217400	0.7142857142857143
chr11	10674000	10674800	0.8140350877192982
chr11	12025200	12027200	0.025593175153292454
chr11	12905800	12906600	0.6
chr11	13351600	13352200	0.3969465648854962
chr11	15729200	15730000	0.75
chr11	16048800	16049600	0.6375
chr11	16358800	16359600	0.7008
chr11	17098800	17099400	0.6029411764705882
chr11	17912800	17913400	0.8695652173913043
chr11	19720600	19721200	0.14705882352941177
chr11	20017200	20023800	0.24108352144469525
chr11	25080000	25080600	0.5985401459854015
chr11	25370200	25371000	0.8246153846153846
chr11	29580200	29580800	0.6521739130434783
chr11	30318200	30319200	0.8872832369942196
chr11	32209400	32210400	0.7922535211267606
chr11	35875400	35876000	0.6318681318681318
chr11	40634000	40634600	0.6730769230769231
chr11	40650200	40652200	0.8945147679324894
chr11	42908400	42909000	0.6585365853658537
chr11	45769600	45770200	0.5042016806722689
chr11	48744600	48745200	0.18787878787878787
chr11	51941800	51944000	0.8241819190238492
chr11	53578600	53580200	0.20232558139534884
chr11	53966000	53966600	0.9090909090909091
chr11	55252000	55254000	0.5235294117647059
chr11	58316100	58317600	0.615909090909091
chr11	58708800	58709600	0.9897959183673469
chr11	67219000	67221200	0.2662192393736018
chr11	68604000	68604600	0.6850507982583455
chr11	69825200	69827600	0.9371584699453552
chr11	83217600	83218400	0.6373626373626373
chr11	88664600	88665200	0.2782608695652174
chr11	89909800	89910600	0.5447154471544715
chr11	92129100	92131600	0.6241872561768531
chr11	92249400	92250000	0.7692307692307693
chr11	92862000	92862600	0.6456310679611651
chr11	94745400	94746000	0.7429305912596401
chr11	95763400	95764200	0.3805031446540881
chr11	95854800	95855400	0.4779874213836478
chr11	99824700	99826600	0.6064087061668681
chr11	101398800	101399500	0.7464454976303317
chr11	101740000	101740600	0.43209876543209874
chr11	103805000	103805600	0.9144144144144144
chr11	107724200	107724800	0.17307692307692307
chr11	108039600	108040500	0.029411764705882353
chr11	108061800	108062800	0.1303501945525292
chr11	114566000	114566600	0.6396103896103896
chr11	115062400	115063000	0.7159090909090909
chr11	117898200	117899500	0.7477203647416414
chr11	118079400	118081800	0.4140127388535032
chr11	118387600	118388200	0.6934306569343066
chr11	118861600	118862200	0.8032786885245902
chr11	120116600	120117200	0.37327188940092165
chr12	3108400	3109000	0.4784688995215311
chr12	5094600	5096700	0.24846625766871167
chr12	10832800	10833400	0.7868852459016393
chr12	10999200	11000000	0.7168141592920354
chr12	13434400	13437400	0.24687800192122958
chr12	13662000	13662600	0.6571428571428571
chr12	17215600	17216200	0.8986486486486487
chr12	17786000	17786800	0.5531914893617021
chr12	18259400	18260000	0.44871794871794873
chr12	23907000	23907600	0.7148760330578512
chr12	24084300	24085200	0.7455670103092783
chr12	24141200	24141800	0.8461538461538461
chr12	32926600	32927200	0.9164556962025316
chr12	33364200	33365600	0.24680073126142596
chr12	37602800	37603400	0.9875389408099688
chr12	38048000	38049200	0.6385321100917432
chr12	42598600	42599200	0.25
chr12	42666600	42667200	0.6976744186046512
chr12	43567600	43571000	0.7092511013215859
chr12	46252400	46255000	0.8069444444444445
chr12	47329400	47331200	0.7547169811320755
chr12	47983600	47984200	0.7586206896551724
chr12	48554600	48555200	0.7884615384615384
chr12	54565200	54565800	0.13934426229508196
chr12	56644000	56646000	0.6676384839650146
chr12	58601600	58602200	0.845360824742268
chr12	58770000	58770600	0.4925373134328358
chr12	58863600	58864200	0.845108695652174
chr12	59652000	59652600	0.3333333333333333
chr12	61628600	61629200	0.8369565217391305
chr12	66200800	66201800	0.7692307692307693
chr12	68701000	68701600	0.6129032258064516
chr12	74125800	74126600	0.02912621359223301
chr12	74367200	74367800	0.782608695652174
chr12	74807600	74808400	0.7251461988304093
chr12	80168000	80172000	0.40315934065934067
chr12	81372200	81373300	0.6504854368932039
chr12	81772600	81773200	0.47495961227786754
chr12	82565600	82566600	0.532520325203252
chr12	84994000	84994600	0.7916666666666666
chr12	85519000	85519600	0.7857142857142857
chr12	90476600	90477200	0.6612377850162866
chr12	91811400	91812000	0.38461538461538464
chr12	95249200	95249800	0.6296296296296297
chr12	96138800	96141600	0.7654986522911051
chr12	96865000	96865600	0.5897435897435898
chr12	98612800	98613800	0.8711656441717791
chr12	99148000	99148800	0.6019690576652602
chr12	99732800	99733400	0.425531914893617
chr12	99817800	99818400	0.20689655172413793
chr12	104567100	104568600	0.0
chr12	109264800	109265400	0.943502824858757
chr12	109526400	109528800	0.8676470588235294
chr12	109870300	109871600	0.17880794701986755
chr12	112020100	112021200	0.26611570247933886
chr12	113127400	113128000	0.3574660633484163
chr12	119772600	119773200	0.6951219512195121
chr13	3102500	3103500	0.8858695652173914
chr13	3138600	3140000	0.020942408376963352
chr13	3162700	3163300	0.875
chr13	6184000	6184800	0.9230769230769231
chr13	6846200	6846800	0.8780487804878049
chr13	8441400	8442000	0.897196261682243
chr13	10301800	10302400	0.7258064516129032
chr13	12956200	12957000	0.31413612565445026
chr13	13047000	13047600	0.7272727272727273
chr13	14400800	14402600	0.849912739965096
chr13	14781200	14782700	0.9591194968553459
chr13	14852000	14852600	0.896875
chr13	15887000	15887600	0.15053763440860216
chr13	16622000	16622600	0.8740740740740741
chr13	17821000	17821600	0.28735632183908044
chr13	18045600	18046200	0.24778761061946902
chr13	18740600	18741200	0.9761904761904762
chr13	19439000	19439600	0.589247311827957
chr13	21650400	21652400	0.7906542056074767
chr13	22173600	22174200	0.8666666666666667
chr13	22282900	22283600	0.7191358024691358
chr13	23329200	23329800	0.632768361581921
chr13	23375600	23376200	0.7995110024449877
chr13	29541800	29542400	0.37158469945355194
chr13	31738400	31739000	0.7567567567567568
chr13	33853000	33853600	0.3850687622789784
chr13	33882800	33883400	0.47058823529411764
chr13	34140400	34142000	0.788931788931789
chr13	34470600	34471400	0.7557840616966581
chr13	36828200	36828800	0.8344370860927153
chr13	41058200	41058800	0.8835616438356164
chr13	41311600	41312200	0.0
chr13	41787400	41788000	0.8317757009345794
chr13	41930600	41931200	0.7025495750708215
chr13	42156600	42159100	0.3816155988857939
chr13	45566600	45568000	0.001049317943336831
chr13	47009200	47011400	0.01971830985915493
chr13	48585800	48587200	0.23760330578512398
chr13	51086600	51087200	0.34
chr13	52905700	52908000	0.8303964757709251
chr13	53555800	53558000	0.8090277777777778
chr13	64931800	64932600	0.7894736842105263
chr13	65323800	65324600	0.6949152542372882
chr13	66473000	66473600	0.7857911733046287
chr13	71381200	71382000	0.5011753643629525
chr13	74417600	74419200	0.8002466091245376
chr13	76478000	76478600	0.6285714285714286
chr13	78261000	78261600	0.5799086757990868
chr13	84536800	84538400	0.7495527728085868
chr13	85329200	85330200	0.7584830339321357
chr13	86305500	86306100	0.8521739130434782
chr13	96707800	96708600	0.8909090909090909
chr13	99324200	99324800	0.8
chr13	100223900	100225200	0.5714285714285714
chr13	102736600	102737800	0.22660098522167488
chr13	107432000	107433000	0.7090592334494773
chr13	110020000	110020600	0.1652892561983471
chr13	111755400	111756100	0.5738007380073801
chr13	112349600	112350200	0.8608695652173913
chr13	116837000	116837600	0.7623762376237624
chr14	3278200	3280200	0.7621483375959079
chr14	5993400	5994200	0.6016949152542372
chr14	6235800	6236500	0.5106382978723404
chr14	10274200	10274800	0.98
chr14	10954800	10955400	0.589041095890411
chr14	13933000	13934000	0.7818181818181819
chr14	14243400	14244400	0.7197802197802198
chr14	14248400	14249200	0.672686230248307
chr14	14582200	14582800	0.9230769230769231
chr14	16907600	16908200	0.6883116883116883
chr14	17005600	17006400	0.8477272727272728
chr14	17320600	17321200	0.6695026178010471
chr14	25531800	25532400	0.7244094488188977
chr14	27576800	27577400	0.782608695652174
chr14	32863400	32864000	0.9272727272727272
chr14	37942800	37943600	0.7808988764044944
chr14	44223200	44223800	0.9178082191780822
chr14	52874400	52875000	1.0
chr14	53895800	53896400	0.8452380952380952
chr14	60759200	60762000	0.4875
chr14	62952800	62953400	0.7227722772277227
chr14	63462100	63462800	0.7527472527472527
chr14	68120200	68122000	0.6449704142011834
chr14	68811400	68813200	0.808095952023988
chr14	69244400	69245400	0.35683760683760685
chr14	72037400	72038200	0.754
chr14	72442800	72443400	0.819672131147541
chr14	82893200	82894000	0.5784313725490197
chr14	90345400	90346200	0.5555555555555556
chr14	91819000	91819600	0.9270833333333334
chr14	92410000	92412400	0.8
chr14	97116400	97117200	0.8242009132420092
chr14	99649200	99649800	0.628158844765343
chr14	101198200	101198800	0.37770897832817335
chr14	102131000	102131600	0.9004149377593361
chr14	104986800	104987400	0.6611111111111111
chr14	106003600	106005400	0.8990654205607477
chr14	107465600	107466200	0.74
chr14	108647500	108650000	0.7142857142857143
chr14	109011000	109012600	0.801980198019802
chr14	110553000	110553600	0.6666666666666666
chr14	112083000	112083800	0.5402298850574713
chr14	112216000	112216600	0.6388888888888888
chr14	112396000	112397000	0.8120805369127517
chr14	118489000	118490600	0.525390625
chr14	118515200	118515800	0.17551020408163265
chr14	118879000	118880900	0.3958785249457701
chr14	120195800	120196400	0.3170731707317073
chr14	121233700	121234500	0.416
chr14	123821000	123821600	0.6903553299492385
chr15	3118800	3119400	0.7239583333333334
chr15	3156600	3157200	0.49407114624505927
chr15	3887600	3888400	0.956989247311828
chr15	4607800	4608400	0.8874172185430463
chr15	6680000	6683800	0.7173144876325088
chr15	9557000	9557800	0.870026525198939
chr15	9643400	9644000	0.9011627906976745
chr15	16309200	16309800	0.5907335907335908
chr15	18125500	18127800	0.8531139835487661
chr15	19403100	19404600	0.8235294117647058
chr15	21875600	21876200	0.49850746268656715
chr15	21889600	21890900	0.8714285714285714
chr15	22487800	22488600	0.5594989561586639
chr15	23823800	23825200	0.9672131147540983
chr15	24648400	24649000	0.8817891373801917
chr15	27025200	27025800	0.07281553398058252
chr15	29737000	29737600	0.47368421052631576
chr15	33269600	33270400	0.6915322580645161
chr15	33867400	33868200	0.860125260960334
chr15	36483300	36483900	0.4583333333333333
chr15	37759300	37760200	0.9174174174174174
chr15	49279800	49282800	0.760043431053203
chr15	50572400	50573200	0.8
chr15	52845000	52845600	0.5620253164556962
chr15	57413200	57414000	0.861646234676007
chr15	57822000	57823800	0.17747440273037543
chr15	60172000	60172600	0.8773333333333333
chr15	65268200	65271100	0.5951742627345844
chr15	67911000	67912000	0.635670731707317
chr15	68180400	68181000	0.5790816326530612
chr15	68368200	68368800	0.4938875305623472
chr15	72806600	72811400	0.1217524197656648
chr15	75013000	75013600	0.8533333333333334
chr15	75031000	75032600	0.6752577319587629
chr15	75040400	75041000	0.9787234042553191
chr15	75523400	75524000	0.7513089005235603
chr15	79258200	79262300	0.594776748104465
chr15	83698800	83701200	0.9191564147627417
chr15	83791800	83792600	0.2708333333333333
chr15	86549000	86549600	0.9915254237288136
chr15	86568400	86569000	0.6060606060606061
chr15	92767200	92768000	0.0
chr15	97058500	97059600	0.0
chr15	97486400	97487200	0.62
chr15	97793400	97794200	0.5978260869565217
chr15	99867200	99869100	0.296398891966759
chr15	101063600	101064200	0.978021978021978
chr15	101194600	101195200	0.21395348837209302
chr15	103888600	103889200	0.7201166180758017
chr16	4858200	4860000	0.8668885191347754
chr16	5525000	5525600	0.8983050847457628
chr16	14878400	14879000	0.8168316831683168
chr16	15434000	15434600	1.0
chr16	18083400	18084000	0.42290748898678415
chr16	19069700	19070400	0.8703703703703703
chr16	21028200	21028800	0.6727272727272727
chr16	21612800	21613600	0.022598870056497175
chr16	25190700	25191400	0.6208112874779541
chr16	28621800	28622800	0.6231884057971014
chr16	28853800	28857000	0.8936170212765957
chr16	31050400	31051000	0.25
chr16	31156000	31156900	0.21052631578947367
chr16	42003200	42003800	0.9008264462809917
chr16	42657000	42657600	0.7791411042944786
chr16	44473800	44474400	0.4186046511627907
chr16	45055800	45056600	0.7862595419847328
chr16	46362400	46363600	0.6643109540636042
chr16	47187800	47188400	0.37609841827768015
chr16	47300600	47301400	0.5143769968051118
chr16	48267800	48268400	0.7455357142857143
chr16	48497000	48498000	0.6156217882836588
chr16	50773400	50775600	0.8093093093093093
chr16	52707000	52707600	0.48947368421052634
chr16	53192400	53193000	0.8059701492537313
chr16	54003000	54003800	0.6923076923076923
chr16	54507400	54508000	0.5490196078431373
chr16	56038600	56042000	0.7554671968190855
chr16	57878200	57878800	0.7547169811320755
chr16	58249400	58250000	0.6051282051282051
chr16	60884000	60884800	0.6861924686192469
chr16	62345000	62345800	0.7376681614349776
chr16	64572200	64573200	0.7669172932330827
chr16	65031600	65033000	0.8576642335766423
chr16	67391000	67391600	0.7966101694915254
chr16	68529200	68530000	0.9047619047619048
chr16	69163200	69164200	0.8274509803921568
chr16	70947400	70948000	0.48586572438162545
chr16	71976000	71976800	0.819047619047619
chr16	76403200	76403800	0.12941176470588237
chr16	77814600	77815400	0.6049069373942471
chr16	77938000	77938600	0.9382422802850356
chr16	80268100	80269500	0.7441441441441441
chr16	85644000	85644600	0.2828282828282828
chr16	88754800	88755400	0.8821490467937608
chr16	89963100	89964600	0.012048192771084338
chr16	90049600	90050200	0.3058823529411765
chr16	91456200	91457800	0.6804347826086956
chr16	91990700	91991600	0.7457865168539326
chr16	94832800	94833400	0.49848024316109424
chr16	95718800	95719400	0.45535714285714285
chr16	95815600	95816200	0.8108108108108109
chr16	97352000	97352800	0.6643952299829642
chr17	4339800	4340400	0.8392857142857143
chr17	6739400	6741400	0.22606382978723405
chr17	8001000	8006000	0.408930669800235
chr17	10974200	10974800	0.5251141552511416
chr17	12741200	12743000	0.32746113989637304
chr17	14013600	14014600	0.7608440797186401
chr17	16625000	16625600	0.7560975609756098
chr17	17274800	17275400	0.6352459016393442
chr17	18841600	18842400	0.5397727272727273
chr17	19042400	19043000	0.8523206751054853
chr17	20143500	20144700	0.16346153846153846
chr17	20570800	20571400	0.05333333333333334
chr17	22055800	22058800	0.8430079155672823
chr17	22623600	22624400	0.8269230769230769
chr17	23908000	23909000	0.7381974248927039
chr17	30499400	30500000	0.8242894056847545
chr17	32016400	32017000	0.8461538461538461
chr17	32069800	32070400	0.7738095238095238
chr17	32587400	32588000	0.2891566265060241
chr17	34044400	34046400	0.5294117647058824
chr17	34398600	34399400	0.08723747980613894
chr17	35281200	35282600	0.9357298474945533
chr17	35363400	35364000	0.9350282485875706
chr17	37730800	37731600	0.8613138686131386
chr17	38897600	38898200	0.2857142857142857
chr17	38982200	38983200	0.8064516129032258
chr17	40645600	40646200	0.9473684210526315
chr17	41603400	41604000	0.578125
chr17	45196600	45197200	0.639344262295082
chr17	49281200	49281800	0.625
chr17	50177600	50178200	0.8246013667425968
chr17	52988400	52989000	0.5125
chr17	53983800	53985100	0.8133802816901409
chr17	54552000	54552600	0.6923076923076923
chr17	55557800	55558400	0.6327543424317618
chr17	60275600	60276200	0.7569444444444444
chr17	60745600	60746300	0.5625
chr17	62402200	62402800	0.5168067226890757
chr17	67811100	67813100	0.3285198555956679
chr17	69285900	69289200	0.20146968769136558
chr17	73827000	73830400	0.05005688282138794
chr17	77797600	77798200	0.89171974522293
chr17	84629600	84630200	0.6162790697674418
chr17	85737200	85738000	0.9661016949152542
chr17	87133600	87135200	0.0027002700270027003
chr17	90478800	90479600	0.5
chr17	91271800	91272800	0.6794871794871795
chr17	91359200	91359800	0.7580645161290323
chr17	92040600	92041200	0.8582677165354331
chr17	92103600	92104400	0.6666666666666666
chr17	92997800	92998400	0.8087649402390438
chr17	93403900	93404600	0.8488372093023255
chr17	94500800	94501400	0.6323529411764706
chr18	3227200	3227800	0.8288288288288288
chr18	3711600	3712200	0.7652173913043478
chr18	3873200	3875200	0.6489208633093525
chr18	7274200	7275000	0.7958762886597938
chr18	7771200	7771800	0.8552631578947368
chr18	7816800	7817400	0.9375
chr18	11746600	11747400	0.7288135593220338
chr18	12972600	12974800	0.03761348897535668
chr18	13172800	13173400	0.5196374622356495
chr18	15988800	15992800	0.8102766798418972
chr18	16288800	16289400	0.6570188133140377
chr18	17352300	17353300	0.4282178217821782
chr18	24705600	24706200	0.9857142857142858
chr18	32877000	32877600	0.6537982565379825
chr18	35528400	35529000	0.84
chr18	36850600	36853400	0.7720430107526882
chr18	38359200	38359800	0.7528089887640449
chr18	44698400	44699000	0.6846846846846847
chr18	46317400	46318200	0.6276923076923077
chr18	50090200	50090800	0.4385245901639344
chr18	54158800	54159400	0.7472118959107806
chr18	58804200	58804800	0.4387755102040816
chr18	58853400	58854200	0.8941798941798942
chr18	59357400	59358200	0.7878787878787878
chr18	60412200	60412800	0.6497584541062802
chr18	61358000	61358600	0.6557377049180327
chr18	69159200	69159900	0.6124031007751938
chr18	70509000	70510600	0.22816901408450704
chr18	70705800	70706400	1.0
chr18	71209100	71209900	0.8837209302325582
chr18	74151100	74151800	0.7309941520467836
chr18	77207800	77208400	0.9296875
chr18	77368800	77369400	0.576271186440678
chr18	79933000	79934400	0.7241379310344828
chr18	83134800	83135600	0.18505942275042445
chr18	87160400	87161400	0.7903225806451613
chr18	87695600	87696200	0.8522427440633246
chr18	89407600	89408200	0.6061946902654868
chr18	90429800	90430800	0.535
chr18	90559000	90560400	0.46938775510204084
chr19	5406200	5407000	0.8975903614457831
chr19	5861400	5862600	0.539440203562341
chr19	7859800	7860400	0.3426294820717131
chr19	8032600	8034200	0.5390243902439025
chr19	8276800	8277400	0.6439024390243903
chr19	8323800	8324400	0.7674418604651163
chr19	9375000	9375600	0.8395061728395061
chr19	9717600	9718200	0.23702031602708803
chr19	10425000	10425700	0.40350877192982454
chr19	11670400	11671000	0.6617647058823529
chr19	12543800	12545200	0.609375
chr19	13159600	13160200	0.8787878787878788
chr19	19241200	19241800	0.6915887850467289
chr19	19508600	19509300	0.7724867724867724
chr19	20754600	20755200	0.6030368763557483
chr19	21248000	21248600	0.8482142857142857
chr19	24970000	24970800	0.8037825059101655
chr19	25426800	25428400	0.32365747460087085
chr19	25819200	25819800	0.821917808219178
chr19	26897200	26897800	0.8787878787878788
chr19	31722600	31724200	0.612555720653789
chr19	39157000	39157800	0.8762135922330098
chr19	43738000	43738700	0.48727272727272725
chr19	44712800	44713600	0.8758389261744967
chr19	46579800	46581000	0.11464088397790055
chr19	47896200	47898300	0.25930372148859543
chr19	51469400	51470000	0.7909604519774012
chr19	51701200	51701800	0.6426426426426426
chr19	51955200	51955800	0.5911179173047473
chr19	53580200	53580800	0.4069767441860465
chr19	54911600	54912200	0.8575063613231552
chr19	55593200	55593900	0.1037463976945245
chr19	55628000	55630600	0.21367521367521367
chr19	55931400	55932000	0.0
chr19	56231600	56232200	0.12
chr19	56326000	56326800	0.3180147058823529
chr19	57378400	57381600	0.39473684210526316
chr19	57437000	57439600	0.7729007633587787
chr19	58706400	58707200	0.9396551724137931
chr19	58799200	58800700	0.14285714285714285
chr19	61207600	61208200	0.8520084566596194
chr2	7509100	7509800	0.7242524916943521
chr2	7629900	7630600	0.8356940509915014
chr2	12449200	12450000	0.49264705882352944
chr2	13913200	13913800	0.7666666666666667
chr2	15334400	15335000	0.6174242424242424
chr2	15663600	15664400	0.7679180887372014
chr2	16894600	16895200	0.4732142857142857
chr2	19914600	19915400	0.8144433299899699
chr2	21246400	21247000	0.8115631691648822
chr2	22275000	22275600	0.884318766066838
chr2	24237600	24238200	0.9685863874345549
chr2	26664300	26665100	1.0
chr2	28228800	28229800	0.566
chr2	36316700	36317400	0.08673469387755102
chr2	36807600	36808400	0.02857142857142857
chr2	36964400	36965000	0.66
chr2	38568600	38571000	0.6642468239564429
chr2	39704000	39704800	0.813953488372093
chr2	43071400	43072000	0.7121212121212122
chr2	43329200	43330000	0.6111111111111112
chr2	48227200	48227800	0.5892857142857143
chr2	48784800	48786800	0.7699530516431925
chr2	48853600	48854200	0.8214285714285714
chr2	52338400	52339400	0.6413199426111909
chr2	55999000	55999600	0.4583333333333333
chr2	59817400	59819000	0.6920980926430518
chr2	59843000	59844000	0.02195121951219512
chr2	63397600	63398200	0.4953271028037383
chr2	63805600	63806200	0.2
chr2	66736600	66737200	0.6622516556291391
chr2	73010400	73013200	0.7272727272727273
chr2	76709800	76713000	0.4346385542168675
chr2	76722900	76725900	0.5046248715313464
chr2	78617000	78617600	0.6707317073170732
chr2	85070000	85070600	0.05405405405405406
chr2	85471900	85473100	0.6009389671361502
chr2	88212200	88212800	0.9362745098039216
chr2	89560600	89561200	0.14285714285714285
chr2	95695800	95696400	0.8860294117647058
chr2	98208200	98208800	0.9236641221374046
chr2	98752000	98752600	0.7025641025641025
chr2	107171400	107172000	0.5168539325842697
chr2	108202400	108203200	0.6931818181818182
chr2	110095200	110095800	0.7959183673469388
chr2	111040800	111041400	0.7774390243902439
chr2	111936200	111936800	0.7216494845360825
chr2	116454200	116454800	0.6920152091254753
chr2	125617400	125618000	0.32751091703056767
chr2	127577000	127577700	0.3951310861423221
chr2	139476000	139476600	0.8027210884353742
chr2	147672200	147672800	0.6752577319587629
chr2	148745200	148747200	0.859375
chr2	149519300	149520000	0.8549618320610687
chr2	152686400	152688000	0.019230769230769232
chr2	155987400	155988700	0.48894348894348894
chr2	156482000	156482600	0.4723618090452261
chr2	156747800	156749200	0.3417085427135678
chr2	157557300	157562400	0.08318661971830986
chr2	159345800	159346800	0.65
chr2	160753600	160754200	0.24757281553398058
chr2	162841600	162842200	0.19642857142857142
chr2	163469400	163470200	0.248868778280543
chr2	164502200	164503000	0.5542168674698795
chr2	165296400	165297800	0.3626062322946176
chr2	165380000	165383600	0.2342404409231829
chr2	165514700	165516300	0.5324881141045958
chr2	166430400	166432600	0.9752604166666666
chr2	166629600	166633200	0.35294117647058826
chr2	168488600	168489600	0.44282744282744285
chr2	168622800	168624200	0.9007633587786259
chr2	168979600	168980200	0.12244897959183673
chr2	169764800	169765400	0.0
chr2	170504400	170505200	0.3269230769230769
chr2	170891200	170891800	1.0
chr2	172001800	172004200	0.888631090487239
chr2	172291600	172292800	0.961340206185567
chr2	172895400	172897100	0.27439024390243905
chr2	173066600	173067200	0.8214285714285714
chr2	173098000	173098600	0.9019607843137255
chr2	173455400	173456000	0.8407960199004975
chr2	173645800	173647600	0.5627240143369175
chr2	174092200	174092800	0.07368421052631578
chr2	174096800	174099400	0.30935251798561153
chr2	174121800	174122400	0.7322834645669292
chr2	174293700	174301200	0.030879782482035347
chr2	174345100	174346600	0.6082474226804123
chr2	176790000	176790600	0.28735632183908044
chr2	177281600	177282200	0.658008658008658
chr2	179179200	179179800	0.48091603053435117
chr2	179298200	179299400	0.7606837606837606
chr2	179605200	179605800	0.676923076923077
chr2	181092000	181092600	0.34976525821596244
chr2	181109400	181110000	0.1935483870967742
chr2	181112800	181113400	0.3952380952380952
chr3	5903000	5903600	0.9025974025974026
chr3	6377200	6379100	0.6909090909090909
chr3	7302200	7304800	0.7515527950310559
chr3	8129400	8130200	0.8828125
chr3	13130200	13131000	0.7012987012987013
chr3	14447200	14448000	0.8467741935483871
chr3	14745400	14746000	0.9136363636363637
chr3	16249900	16250500	0.9444444444444444
chr3	19584400	19585000	0.33440514469453375
chr3	20419000	20419600	0.981651376146789
chr3	20854000	20854600	0.8809523809523809
chr3	22284400	22285400	0.8629441624365483
chr3	22954800	22955600	0.7490774907749077
chr3	22961200	22962000	0.7995444191343963
chr3	23314200	23314800	0.48249027237354086
chr3	24810000	24810600	0.384180790960452
chr3	26601600	26602400	0.0
chr3	26906000	26906600	0.7086330935251799
chr3	27258200	27258800	0.9543147208121827
chr3	29719400	29720200	0.7356057116536159
chr3	32313800	32314600	0.6297872340425532
chr3	33479200	33480000	0.30103806228373703
chr3	35171200	35171800	0.8117647058823529
chr3	36853200	36853800	0.5868686868686869
chr3	38455200	38457200	0.7675977653631285
chr3	38626800	38627400	0.672
chr3	39173800	39174400	1.0
chr3	43491800	43492400	0.7285714285714285
chr3	45578400	45579800	0.5545755237045203
chr3	51264200	51265200	0.3939393939393939
chr3	53323200	53323800	0.3409090909090909
chr3	53721200	53723800	0.5657773689052438
chr3	53888000	53888600	0.5675675675675675
chr3	55102000	55102600	0.8177570093457944
chr3	56009200	56009800	0.6698113207547169
chr3	56853800	56854400	0.7894736842105263
chr3	57869600	57870200	0.6185567010309279
chr3	59689000	59689600	0.5983350676378772
chr3	66112200	66112800	0.8536585365853658
chr3	66268800	66269400	0.6336791699920191
chr3	67775800	67777200	0.6598290598290598
chr3	70745800	70746800	0.8145454545454546
chr3	71225600	71226200	0.7586206896551724
chr3	73863800	73864800	0.551440329218107
chr3	74864800	74865500	0.8656716417910447
chr3	75715000	75715600	0.9433962264150944
chr3	78249800	78250400	1.0
chr3	87535400	87536800	0.13427561837455831
chr3	88240800	88241700	0.3239634574841883
chr3	91649400	91650000	0.23333333333333334
chr3	93619800	93620500	0.6904761904761905
chr3	94254600	94255200	0.863013698630137
chr3	97086600	97087200	0.859375
chr3	98098000	98101000	0.6930555555555555
chr3	101450800	101451400	0.6549560853199499
chr3	106247400	106248000	0.5143769968051118
chr3	108242200	108244700	0.7721088435374149
chr3	110057000	110058200	0.594855305466238
chr3	111724700	111725400	0.6298850574712643
chr3	112566200	112566800	0.7666666666666667
chr3	112746800	112747400	0.8292682926829268
chr3	113065200	113065800	0.7606837606837606
chr3	113218600	113219200	0.9230769230769231
chr3	113669400	113670000	0.5974025974025974
chr3	115442600	115443200	0.7487684729064039
chr3	117168800	117169400	0.8333333333333334
chr3	117776200	117776800	0.8604651162790697
chr3	119312000	119312600	0.6240875912408759
chr3	120740800	120742600	0.6545741324921136
chr3	123817200	123818000	0.8777777777777778
chr3	124166200	124166800	0.8241758241758241
chr3	125029600	125030200	0.8915094339622641
chr3	126910800	126911400	0.7783018867924528
chr3	128446000	128446600	0.7183098591549296
chr3	128808000	128808600	0.8895348837209303
chr3	128966400	128967000	0.5078740157480315
chr3	135774400	135775000	0.7205882352941176
chr3	139188400	139189000	0.7872340425531915
chr3	151234000	151234600	0.7272727272727273
chr3	156966600	156967600	0.6923076923076923
chr3	159303000	159306400	0.923469387755102
chr4	4028600	4029200	0.9272727272727272
chr4	6609200	6610000	0.7609075043630017
chr4	8135400	8136400	0.7137404580152672
chr4	10354000	10354800	0.817629179331307
chr4	11400000	11401000	0.05707196029776675
chr4	12136600	12137600	0.3195625759416768
chr4	12959200	12959800	0.6684931506849315
chr4	14423800	14424400	0.795774647887324
chr4	14984200	14984800	0.9138755980861244
chr4	15341400	15344000	0.7986798679867987
chr4	16246600	16249200	0.8037475345167653
chr4	16810400	16811200	0.8997555012224939
chr4	16862800	16863400	0.782608695652174
chr4	17065700	17066400	0.4925373134328358
chr4	20207000	20207600	0.40472673559822747
chr4	20919600	20920400	0.7710280373831776
chr4	22200600	22201200	0.47126436781609193
chr4	23421200	23424000	0.666191155492154
chr4	25159200	25160000	0.65625
chr4	25188000	25189600	0.6
chr4	32894000	32894800	0.2747603833865815
chr4	33301400	33302000	0.92
chr4	35781200	35781800	0.7192982456140351
chr4	37224000	37225200	0.6692456479690522
chr4	37365800	37368400	0.7207207207207207
chr4	38383600	38384200	0.7446808510638298
chr4	41637400	41639000	0.7174887892376681
chr4	43568000	43569200	0.19412724306688417
chr4	44264800	44265600	0.6460176991150443
chr4	50319700	50320400	0.9782608695652174
chr4	53126400	53127200	0.9191919191919192
chr4	54695600	54696200	0.7254901960784313
chr4	55402400	55403000	0.9652173913043478
chr4	55418800	55419600	0.4440400363967243
chr4	60457800	60458800	0.6356877323420075
chr4	62991200	62991800	0.8951612903225806
chr4	65613100	65615200	0.11719500480307397
chr4	66681800	66682500	0.6629955947136564
chr4	67916000	67916600	0.7027027027027027
chr4	69569600	69570200	0.37142857142857144
chr4	70815800	70816900	0.8924050632911392
chr4	70832200	70832800	0.9023255813953488
chr4	71915400	71916000	0.5044642857142857
chr4	74648800	74649400	0.5784313725490197
chr4	77151800	77152400	0.4827586206896552
chr4	80928400	80930400	0.748062015503876
chr4	82672000	82674000	0.7507987220447284
chr4	82791800	82792500	0.5506216696269982
chr4	88481200	88481800	0.8518518518518519
chr4	91068800	91069400	0.6629834254143646
chr4	91576200	91576800	0.8082191780821918
chr4	91654200	91655400	0.6483253588516746
chr4	92763800	92764400	0.6666666666666666
chr4	99731400	99732000	0.5882352941176471
chr4	103168800	103169400	0.5590062111801242
chr4	110863200	110863800	0.9107142857142857
chr4	111271600	111273800	0.7398496240601504
chr4	113836400	113837000	0.7692307692307693
chr4	115194600	115195200	0.5555555555555556
chr4	117477800	117478400	0.9133333333333333
chr4	121378400	121379100	0.7616822429906542
chr4	122662600	122663200	0.9513776337115073
chr4	124549200	124549800	1.0
chr4	125182200	125182800	1.0
chr4	128483200	128483800	0.7857142857142857
chr4	128585400	128590000	0.39748369058713884
chr4	131012200	131013000	0.740983606557377
chr4	131495000	131495600	0.8514851485148515
chr4	131788200	131788800	0.21967213114754097
chr4	135802000	135802600	0.8169014084507042
chr4	138291800	138294000	0.6219839142091153
chr4	138706600	138707200	0.20224719101123595
chr4	139784200	139785000	0.7714285714285715
chr4	140458600	140462000	0.7853810264385692
chr4	140786000	140786800	0.6045197740112994
chr4	143579200	143579800	0.9230769230769231
chr4	143827200	143827800	0.5507246376811594
chr4	145572900	145573600	0.32628398791540786
chr4	150878200	150880300	0.0058823529411764705
chr4	151144400	151145600	0.19624352331606218
chr4	151248800	151251800	0.8153580672993961
chr4	151876200	151876800	0.8769230769230769
chr4	153314600	153315200	0.8878504672897196
chr4	154112800	154113400	0.6726190476190477
chr4	155854800	155855400	0.6388888888888888
chr5	3436000	3437600	0.6232339089481946
chr5	3613600	3614300	0.25092250922509224
chr5	8759400	8760100	0.974910394265233
chr5	11619000	11619800	0.7894736842105263
chr5	11963200	11964000	0.5401069518716578
chr5	16755400	16756000	0.6593186372745491
chr5	17682600	17684300	0.7865168539325843
chr5	26044000	26047200	0.8780487804878049
chr5	26929600	26930200	1.0
chr5	29408800	29409400	0.9629629629629629
chr5	29983200	29984000	0.9328859060402684
chr5	36966800	36968500	0.3401015228426396
chr5	37326200	37326800	0.4703389830508475
chr5	38673200	38674400	0.3193916349809886
chr5	38912000	38912600	0.5539358600583091
chr5	42661600	42662400	0.7009345794392523
chr5	45345600	45346200	0.7198879551820728
chr5	52918400	52919000	0.9709302325581395
chr5	53582400	53583000	0.9021739130434783
chr5	55011000	55013200	0.8375209380234506
chr5	56128800	56129600	0.5978062157221207
chr5	58647000	58648700	0.7228571428571429
chr5	61292600	61294200	0.6663693131132917
chr5	61879000	61880200	0.7680412371134021
chr5	62138500	62139200	0.9854368932038835
chr5	63225600	63227900	0.8222222222222222
chr5	63727200	63727800	0.8571428571428571
chr5	64906400	64907000	0.7070707070707071
chr5	69426800	69428200	0.8516579406631762
chr5	69639800	69640800	0.8
chr5	70002000	70002600	0.6641221374045801
chr5	70117200	70117800	0.8117154811715481
chr5	70561400	70562000	0.773109243697479
chr5	73859600	73860200	0.9441860465116279
chr5	75653400	75655700	0.2776280323450135
chr5	86594200	86595000	0.6743554952510177
chr5	87966400	87967000	0.9325842696629213
chr5	90372400	90373000	0.8839506172839506
chr5	96672000	96672600	0.7913907284768212
chr5	97063800	97064400	0.4044943820224719
chr5	97087000	97088100	0.025437201907790145
chr5	99943600	99944600	0.27297297297297296
chr5	100726600	100727200	0.7899543378995434
chr5	105811600	105813800	0.29559204840103714
chr5	109550000	109553400	0.06888068880688807
chr5	109971600	109972200	0.9310344827586207
chr5	112098400	112099000	0.49523809523809526
chr5	113623600	113625000	0.5567164179104478
chr5	114196400	114197200	0.2
chr5	114802400	114804800	0.09178082191780822
chr5	116803400	116804000	0.8634538152610441
chr5	116981600	116982500	0.6655052264808362
chr5	117295800	117296400	0.819047619047619
chr5	117707800	117708500	0.3932291666666667
chr5	118491600	118492200	0.0
chr5	119440300	119441200	0.19090909090909092
chr5	124124600	124125200	0.8607594936708861
chr5	125035800	125036400	0.9489194499017681
chr5	125785600	125788000	0.6196636481241915
chr5	128759300	128760200	0.3917525773195876
chr5	128781600	128782400	0.20347394540942929
chr5	129623400	129624000	0.01675977653631285
chr5	129657400	129658000	0.4126712328767123
chr5	129862400	129863000	0.0
chr5	131439400	131441000	0.11896745230078563
chr5	131554200	131554800	0.20253164556962025
chr5	134076000	134076600	0.9435897435897436
chr5	134217000	134218000	0.5196374622356495
chr5	135348600	135352200	0.05055292259083728
chr5	141154600	141155200	1.0
chr5	143758000	143758600	0.0
chr5	143966600	143967900	0.2851123595505618
chr5	144092200	144093000	0.8484288354898336
chr5	144555000	144556600	0.5455621301775148
chr5	144621800	144623600	0.8293413173652695
chr5	146470000	146471000	0.33886255924170616
chr5	148384800	148385400	0.67
chr6	3121000	3121600	0.0
chr6	4092000	4093000	0.6217008797653959
chr6	4747200	4755600	0.012409513960703205
chr6	5476600	5477200	0.7972027972027972
chr6	5480000	5481000	0.8253012048192772
chr6	6626000	6627000	0.7323420074349443
chr6	7113000	7113600	0.0954356846473029
chr6	7460200	7461000	0.926829268292683
chr6	8334600	8335200	0.6549295774647887
chr6	11205200	11206200	0.7552742616033755
chr6	11378600	11379200	0.875
chr6	11421200	11421800	0.8260869565217391
chr6	11864600	11865200	0.9692307692307692
chr6	11890800	11891400	0.9504950495049505
chr6	12775400	12776000	0.8586956521739131
chr6	14380000	14380800	0.9372197309417041
chr6	14929000	14929800	0.7288135593220338
chr6	15457800	15458400	0.57
chr6	18585400	18587800	0.6682577565632458
chr6	20528000	20528600	0.7647058823529411
chr6	24069000	24069800	0.5625
chr6	24717200	24718400	0.934640522875817
chr6	26753200	26755000	0.7808564231738035
chr6	26992400	26993200	1.0
chr6	28178000	28178800	0.8271604938271605
chr6	30735200	30739400	0.0118895966029724
chr6	30929100	30929800	0.869757174392936
chr6	33664800	33665600	0.6073446327683616
chr6	35964600	35965200	0.7410714285714286
chr6	38128200	38128800	0.5614406779661016
chr6	41926800	41928600	0.7109181141439206
chr6	42502200	42502800	0.975609756097561
chr6	43131200	43131800	0.46511627906976744
chr6	46153400	46154000	0.5683229813664596
chr6	46226400	46227000	0.5180180180180181
chr6	47904200	47905600	0.005434782608695652
chr6	49971000	49971600	0.8656716417910447
chr6	50619600	50621600	0.09090909090909091
chr6	55496800	55497400	0.448
chr6	56965800	56966600	0.989010989010989
chr6	57052600	57053400	0.2687813021702838
chr6	58017600	58018200	0.43854748603351956
chr6	58712400	58713000	0.7517482517482518
chr6	58906200	58907400	0.03555150410209663
chr6	59911200	59911800	0.7211538461538461
chr6	60575600	60576200	0.987012987012987
chr6	60897600	60898600	0.5
chr6	63922800	63925400	0.7384020618556701
chr6	66828600	66829200	0.7111913357400722
chr6	69802800	69803600	0.5836120401337793
chr6	70008400	70009000	0.7358490566037735
chr6	70019800	70020600	0.6398963730569949
chr6	74658800	74659400	0.8647058823529412
chr6	75343200	75343800	0.9565217391304348
chr6	76098200	76098800	0.7346938775510204
chr6	76618000	76618600	0.675
chr6	78524800	78525900	0.8832807570977917
chr6	78938000	78939200	0.9112627986348123
chr6	80378800	80379600	0.5226130653266332
chr6	81336200	81339000	0.7722222222222223
chr6	82212400	82213000	0.5618556701030928
chr6	89322600	89323900	0.4688995215311005
chr6	89332700	89334200	0.37797619047619047
chr6	93068300	93069100	0.684931506849315
chr6	96704400	96706800	0.7777777777777778
chr6	99877800	99878600	0.14772727272727273
chr6	101150400	101152900	0.23108108108108108
chr6	101453800	101454400	0.8391608391608392
chr6	101825000	101825600	0.9196428571428571
chr6	104384800	104385800	0.558455114822547
chr6	105426900	105427600	0.5079365079365079
chr6	118617600	118618200	0.8156028368794326
chr6	123243800	123244400	0.6701030927835051
chr6	123762200	123762800	0.7945205479452054
chr6	125249200	125252100	0.8583333333333333
chr6	129845800	129846600	0.5217391304347826
chr6	132642600	132643200	0.49122807017543857
chr6	133948600	133949200	0.9743589743589743
chr6	135732000	135734000	0.11522048364153627
chr6	136398200	136402000	0.07832278481012658
chr6	137621200	137621800	0.27586206896551724
chr6	137715800	137716400	0.8614130434782609
chr6	139768400	139769000	0.6484018264840182
chr6	141211000	141211600	0.7952755905511811
chr6	142167800	142168700	0.5171717171717172
chr6	142202600	142203200	0.2670807453416149
chr6	142396600	142399600	0.4172053704624565
chr6	142768600	142770800	0.7210144927536232
chr6	143464800	143465400	0.09417040358744394
chr6	148154600	148155400	0.9290953545232273
chr7	3961400	3962000	0.6308724832214765
chr7	6131800	6133400	0.14012738853503184
chr7	6677000	6678200	0.03067484662576687
chr7	6708400	6711700	0.230605738575983
chr7	6727200	6731400	0.0570902394106814
chr7	7043400	7044100	0.9915254237288136
chr7	7063400	7065100	0.8290598290598291
chr7	7761000	7761600	0.5454545454545454
chr7	10082600	10083200	0.8313953488372093
chr7	10296000	10296600	0.9656488549618321
chr7	11829800	11830800	0.7907608695652174
chr7	12566200	12566800	0.48205128205128206
chr7	12970400	12971800	0.04806687565308255
chr7	13946000	13946800	0.46875
chr7	15280000	15280600	0.7719298245614035
chr7	15511200	15511800	0.6296296296296297
chr7	16771200	16772300	0.8624813153961136
chr7	17196600	17197200	0.2
chr7	23357600	23358600	0.1676300578034682
chr7	24034800	24035400	0.9534883720930233
chr7	24164200	24165000	0.5419847328244275
chr7	25865600	25866400	0.9669421487603306
chr7	26410800	26411400	0.8317191283292978
chr7	28099000	28099800	0.09348441926345609
chr7	28109600	28112200	0.8540410132689988
chr7	31687600	31688200	0.38823529411764707
chr7	31963400	31964000	0.6197478991596639
chr7	32720400	32721200	0.6434108527131783
chr7	35274800	35275800	0.17117117117117117
chr7	39837000	39837600	0.8266068759342302
chr7	42914400	42915000	0.8
chr7	44079600	44080200	0.9446366782006921
chr7	46497600	46500400	0.7310606060606061
chr7	48386300	48387000	0.034482758620689655
chr7	49464400	49465200	0.359375
chr7	51329400	51330200	0.6919315403422983
chr7	52410800	52411800	0.10810810810810811
chr7	53621800	53622400	0.8428571428571429
chr7	59864700	59866600	0.20607375271149675
chr7	60003000	60005400	0.055288461538461536
chr7	61406800	61407400	0.5595238095238095
chr7	67149800	67150400	0.2847222222222222
chr7	69595600	69596200	0.6830985915492958
chr7	69724000	69726200	0.7942857142857143
chr7	75865200	75865800	0.6811594202898551
chr7	79115500	79118200	0.9219512195121952
chr7	82540000	82540800	1.0
chr7	83567600	83568200	0.7705882352941177
chr7	84719000	84719600	0.6010928961748634
chr7	86008800	86009700	0.8358974358974359
chr7	87902600	87904200	0.6217391304347826
chr7	92341200	92341800	0.0
chr7	92356000	92356600	0.5337995337995338
chr7	94795400	94796000	0.9545454545454546
chr7	95533000	95533600	0.4
chr7	101464000	101464600	0.1449814126394052
chr7	106253200	106253800	0.366412213740458
chr7	107951400	107952200	0.41872791519434627
chr7	108026200	108028400	0.6487632508833923
chr7	109026200	109027000	0.3493150684931507
chr7	111232600	111233200	0.9093484419263456
chr7	117667200	117668000	0.7953216374269005
chr7	125505400	125506800	0.7105751391465677
chr7	127866200	127868400	0.22748091603053436
chr7	128685000	128689800	0.0480225988700565
chr7	131106000	131106600	0.48936170212765956
chr7	137127800	137130200	0.32007575757575757
chr7	137416200	137418400	0.7172774869109948
chr7	138665400	138666200	0.7914691943127962
chr7	140027800	140029200	0.26666666666666666
chr7	140738500	140741200	0.7982646420824295
chr7	142579900	142582200	0.924953095684803
chr7	143294800	143296800	0.000881057268722467
chr7	143340400	143341000	0.3108108108108108
chr7	143677800	143678400	0.8367346938775511
chr7	143691600	143694600	0.39018087855297157
chr7	144168200	144172200	0.312625250501002
chr8	3994000	3997400	0.017921146953405017
chr8	4808200	4808900	0.8241042345276873
chr8	5639600	5640800	0.033444816053511704
chr8	5784500	5785200	0.8581081081081081
chr8	6481400	6482100	0.7303664921465969
chr8	9158600	9159200	0.16216216216216217
chr8	9783200	9785600	0.8143382352941176
chr8	10756200	10756800	0.46153846153846156
chr8	12238400	12239000	0.07238605898123325
chr8	12746200	12746800	0.9333333333333333
chr8	12969200	12970200	0.8469184890656064
chr8	13268200	13269000	0.8047945205479452
chr8	13746400	13749600	0.7223756906077348
chr8	14822300	14823000	0.3333333333333333
chr8	15095200	15095800	0.6501240694789082
chr8	15154400	15155200	0.7628205128205128
chr8	17190200	17191000	0.7692307692307693
chr8	18264800	18265400	0.8324468085106383
chr8	19314400	19315200	0.725
chr8	19529400	19530000	0.592741935483871
chr8	20129200	20129800	0.7987421383647799
chr8	21272000	21273000	0.7356948228882834
chr8	21359200	21359800	0.9215686274509803
chr8	21602100	21602700	0.8972602739726028
chr8	21711200	21711800	0.7723577235772358
chr8	22052800	22053400	0.8347826086956521
chr8	22535200	22535800	0.33962264150943394
chr8	28619400	28620200	0.8528225806451613
chr8	28904000	28904800	0.8888888888888888
chr8	33487600	33488200	0.7115384615384616
chr8	35089400	35090000	0.6486486486486487
chr8	36304400	36305000	0.7373737373737373
chr8	38287400	38288000	0.2866666666666667
chr8	38950000	38950600	0.9666666666666667
chr8	39729600	39730400	0.7116402116402116
chr8	40844000	40844600	0.7897727272727273
chr8	40883200	40884000	0.8834269662921348
chr8	43977400	43978200	0.5691699604743083
chr8	45023400	45025600	0.5158676569885212
chr8	45039900	45041000	0.5
chr8	46158800	46159600	0.875
chr8	46378400	46379200	0.6463414634146342
chr8	48228300	48229400	0.10550458715596331
chr8	48235600	48236200	0.3878787878787879
chr8	48276100	48276900	0.2980769230769231
chr8	49981600	49983000	0.6365914786967418
chr8	52061200	52062000	0.5877862595419847
chr8	52657600	52658200	0.7056737588652482
chr8	54317200	54317800	0.31851851851851853
chr8	55395200	55396000	0.8956521739130435
chr8	57503800	57504400	0.31413612565445026
chr8	62330800	62331400	0.8262548262548263
chr8	63683000	63683800	0.5434083601286174
chr8	65184600	65185300	0.4772727272727273
chr8	65305400	65306000	0.6934673366834171
chr8	67781800	67782400	0.5483870967741935
chr8	68847800	68848400	0.08358208955223881
chr8	70375500	70378200	0.23084200567644275
chr8	73962000	73962600	0.3120567375886525
chr8	78588200	78590000	0.47419354838709676
chr8	79315000	79315600	0.6931818181818182
chr8	80521400	80522000	1.0
chr8	81195800	81196400	0.7946428571428571
chr8	83479600	83480200	0.6377952755905512
chr8	84994600	84995200	0.356
chr8	85510000	85510600	0.0
chr8	91409000	91410200	0.7057291666666666
chr8	93298600	93299400	0.7142857142857143
chr8	95293000	95294200	0.5123152709359606
chr8	96507200	96507800	0.6878612716763006
chr8	98698700	98699900	0.5213776722090261
chr8	99466000	99466800	0.8046272493573264
chr8	101710600	101711400	0.9859154929577465
chr8	102147200	102148800	0.5850439882697948
chr8	102365300	102366000	0.6066666666666667
chr8	102953400	102954000	0.6972972972972973
chr8	106424800	106425700	0.06382978723404255
chr8	110087400	110090000	0.39059304703476483
chr8	110108000	110110200	0.8237704918032787
chr8	112483800	112484400	0.5841584158415841
chr8	113035200	113035800	0.92
chr8	119372800	119373600	0.8270676691729323
chr8	120338000	120339800	0.39348710990502034
chr8	120611600	120612200	0.5991561181434599
chr8	121045200	121045800	0.7727272727272727
chr8	122260800	122267200	0.44218674407353653
chr8	122860600	122867200	0.424188790560472
chr8	123420800	123421600	0.10797101449275362
chr8	124679400	124684800	0.3545165683159328
chr8	125753000	125754000	0.46175637393767704
chr8	129102200	129102800	0.8902439024390244
chr9	3501400	3502000	0.00819672131147541
chr9	3807600	3808300	0.8571428571428571
chr9	5057400	5058000	0.90625
chr9	5364800	5365400	0.7087719298245614
chr9	5396600	5397400	0.7918367346938775
chr9	5642300	5643600	0.7020689655172414
chr9	6073200	6073800	0.8092105263157895
chr9	8477400	8478000	0.6717557251908397
chr9	9331800	9334200	0.847723704866562
chr9	11341800	11342400	0.7096774193548387
chr9	13743800	13744600	0.8
chr9	18796600	18797400	0.8488372093023255
chr9	19288400	19289000	0.7257142857142858
chr9	19928000	19928600	0.672316384180791
chr9	22090600	22091200	0.6272727272727273
chr9	23608000	23609000	0.48905109489051096
chr9	24706400	24707800	0.9565217391304348
chr9	26751400	26752000	0.4498567335243553
chr9	27333100	27335600	0.29329608938547486
chr9	29705800	29706400	0.46534653465346537
chr9	30830000	30830800	0.4
chr9	31734800	31735400	0.9422572178477691
chr9	32321800	32322600	0.20318021201413428
chr9	39029000	39029600	0.9014084507042254
chr9	40040600	40041200	0.7659574468085106
chr9	40207400	40208000	0.38823529411764707
chr9	41976600	41977200	0.03409090909090909
chr9	44121200	44121800	0.9372384937238494
chr9	57840900	57841600	0.9002695417789758
chr9	60539100	60540200	0.7665615141955836
chr9	75709000	75709600	0.7651006711409396
chr9	75978800	75979400	0.8554216867469879
chr9	76689400	76690000	0.5049019607843137
chr9	77473400	77474000	0.3224489795918367
chr9	78931800	78932400	0.16666666666666666
chr9	79540600	79543600	0.671830985915493
chr9	84852000	84852600	0.5441176470588235
chr9	88001800	88002400	0.6793893129770993
chr9	89469200	89469800	0.9848484848484849
chr9	89879400	89882000	0.8536585365853658
chr9	93049600	93050600	0.5581395348837209
chr9	96665400	96667400	0.8353221957040573
chr9	98348600	98350200	0.7728337236533958
chr9	99599800	99600400	0.6966580976863753
chr9	101448400	101449000	0.0
chr9	103721000	103721600	0.45493562231759654
chr9	114033600	114034400	0.8472505091649695
chr9	121040800	121042500	0.2515463917525773
