chr1	3878000	3878600	0.624113475177305
chr1	4921800	4922400	0.4434782608695652
chr1	5040400	5041000	0.4090909090909091
chr1	5047000	5047600	0.18620689655172415
chr1	5071800	5073000	0.0797872340425532
chr1	5423200	5423800	0.5793103448275863
chr1	6012800	6013400	0.3333333333333333
chr1	10805000	10806000	0.6709075487701441
chr1	13514300	13515200	0.32935560859188545
chr1	15020200	15020800	0.40509915014164305
chr1	15862300	15863000	0.18972332015810275
chr1	15917600	15918200	0.2924187725631769
chr1	16711600	16713700	0.4283783783783784
chr1	17239200	17240000	0.16167664670658682
chr1	17685600	17686400	0.49789915966386555
chr1	17903400	17904200	0.48086359175662413
chr1	19009200	19009800	0.3783783783783784
chr1	19398600	19399200	0.4949640287769784
chr1	22061000	22061600	0.39226519337016574
chr1	22158000	22158600	0.3574007220216607
chr1	30165400	30166000	0.5231788079470199
chr1	30573800	30576000	0.18659217877094972
chr1	31300800	31301400	0.4379746835443038
chr1	31383800	31384400	0.37237237237237236
chr1	31454200	31454900	0.662962962962963
chr1	33407400	33408200	0.261986301369863
chr1	35896400	35899200	0.4409937888198758
chr1	37200400	37201000	0.1308411214953271
chr1	37874900	37875800	0.6758747697974218
chr1	38299200	38299800	0.42819148936170215
chr1	38315200	38315800	0.869281045751634
chr1	39519200	39519800	0.4225941422594142
chr1	40014000	40014600	0.5823293172690763
chr1	40457800	40458600	0.2054794520547945
chr1	41071800	41072400	0.43661971830985913
chr1	41213600	41214200	0.23295454545454544
chr1	41467800	41468400	0.35833333333333334
chr1	46473200	46473800	0.6532663316582915
chr1	46501400	46502000	0.7556818181818182
chr1	48466800	48469000	0.2673469387755102
chr1	49417700	49419400	0.3157894736842105
chr1	49474400	49475200	0.5812274368231047
chr1	49834000	49834600	0.5489130434782609
chr1	52991800	52992400	0.5863746958637469
chr1	57542000	57542600	0.3404255319148936
chr1	60901000	60901600	0.18452380952380953
chr1	63198700	63201000	0.8786885245901639
chr1	65417600	65418600	0.3023543990086741
chr1	65570600	65571200	0.4046242774566474
chr1	69831400	69832000	0.42304147465437786
chr1	72380000	72382000	0.6862170087976539
chr1	76311900	76312600	0.4941360437842064
chr1	83446600	83447200	0.17928286852589642
chr1	83673000	83673600	0.21728395061728395
chr1	84685800	84689600	0.3674698795180723
chr1	84973800	84974400	0.3246753246753247
chr1	88265800	88266600	0.5868794326241135
chr1	89143500	89146000	0.7889156626506024
chr1	89887400	89888000	0.7416974169741697
chr1	91356900	91357600	0.7007874015748031
chr1	92527000	92528600	0.4238952536824877
chr1	92847600	92850800	0.8026134800550206
chr1	92919000	92920200	0.7687326549491211
chr1	96115400	96116000	0.32075471698113206
chr1	98110000	98110800	0.38968481375358166
chr1	100986200	100987200	0.45868465430016864
chr1	101040000	101040600	0.4168564920273349
chr1	101291200	101291800	0.5441860465116279
chr1	102111200	102111800	0.6078431372549019
chr1	103746300	103747600	0.6959459459459459
chr1	106637600	106638200	0.25980392156862747
chr1	109251200	109251800	0.4051094890510949
chr1	112331800	112332600	0.6556291390728477
chr1	117089200	117091200	0.359504132231405
chr1	118864600	118865200	0.5682819383259912
chr1	120994000	120994600	0.3606755126658625
chr1	125096800	125097400	0.4421364985163205
chr1	129436400	129437200	0.2907216494845361
chr1	130199400	130200200	0.4583333333333333
chr1	130685800	130686800	0.40198511166253104
chr1	131736200	131736800	0.8225806451612904
chr1	133729400	133732000	0.7282700421940929
chr1	139975800	139976400	0.6812227074235808
chr1	145807400	145808000	0.1853932584269663
chr1	147592000	147592600	0.5327342747111682
chr1	148131400	148132000	0.46875
chr1	154472000	154472600	0.545045045045045
chr1	164224800	164226600	0.5457413249211357
chr1	165655400	165657400	0.6270190895741556
chr1	169112800	169113600	0.38333333333333336
chr1	172541000	172541600	0.5979166666666667
chr1	173988000	173988600	0.2697947214076246
chr1	174787200	174788000	0.5218855218855218
chr1	181713600	181715600	0.2545824847250509
chr1	182872200	182872800	0.40569395017793597
chr1	183357000	183359000	0.7272727272727273
chr1	185076400	185077000	0.6378737541528239
chr1	187337800	187338400	0.7784090909090909
chr1	187392600	187393800	0.3352059925093633
chr1	189460000	189460600	0.7727272727272727
chr10	3446900	3447600	0.670299727520436
chr10	4794400	4795000	0.7075471698113207
chr10	5963000	5963800	0.246690734055355
chr10	6221200	6222000	0.4444444444444444
chr10	6514400	6515200	0.4782608695652174
chr10	10593200	10594500	0.43329253365973075
chr10	13089600	13092100	0.8149951314508277
chr10	13127000	13128000	0.7393483709273183
chr10	18531400	18532000	0.7158671586715867
chr10	18716200	18717000	0.62
chr10	20294400	20295000	0.2037037037037037
chr10	23480800	23481600	0.4007597340930674
chr10	23501000	23501600	0.4733606557377049
chr10	23659200	23660000	0.24473684210526317
chr10	25026800	25027400	0.15463917525773196
chr10	28907300	28908100	0.3550420168067227
chr10	29076800	29077400	0.5598086124401914
chr10	29723800	29724400	0.21610169491525424
chr10	30058200	30058800	0.28338762214983715
chr10	31080600	31081200	0.457286432160804
chr10	32527600	32528200	0.26256983240223464
chr10	33685800	33688200	0.5184275184275184
chr10	38224200	38225000	0.5406203840472673
chr10	39140800	39142800	0.7629179331306991
chr10	40050400	40051000	0.6642857142857143
chr10	40645900	40648000	0.04640371229698376
chr10	47219600	47221800	0.3219448094612352
chr10	47732800	47733400	0.4879518072289157
chr10	48290800	48291500	0.4781021897810219
chr10	50447000	50447600	0.24050632911392406
chr10	51444400	51445100	0.520891364902507
chr10	52114600	52115200	0.4163568773234201
chr10	52502800	52503400	0.5161290322580645
chr10	53194600	53195200	0.46336206896551724
chr10	60305800	60306400	0.6374501992031872
chr10	62367200	62368000	0.3081232492997199
chr10	63076000	63076800	0.517948717948718
chr10	64622000	64623800	0.40843023255813954
chr10	68035600	68036800	0.6813186813186813
chr10	68243700	68245800	0.3737024221453287
chr10	69986200	69993500	0.8372284850151224
chr10	72690600	72691400	0.4439359267734554
chr10	74243200	74244000	0.6526946107784432
chr10	78905400	78906000	0.69
chr10	81799400	81802600	0.43522833178005593
chr10	81958200	81961900	0.32949512843224094
chr10	83652200	83652800	0.37962962962962965
chr10	83844200	83844800	0.49101796407185627
chr10	85211000	85211600	0.6311475409836066
chr10	85658000	85658800	0.5561056105610561
chr10	86848400	86849000	0.5986394557823129
chr10	88625000	88625800	0.2159468438538206
chr10	90471400	90474000	0.44904458598726116
chr10	91585200	91587000	0.2828146143437077
chr10	97541600	97542200	0.6033519553072626
chr10	98090200	98090800	0.20512820512820512
chr10	98794200	98794800	0.31666666666666665
chr10	100646400	100647000	0.43612334801762115
chr10	101423600	101424200	0.36421725239616615
chr10	101923600	101924200	0.31958762886597936
chr10	102323500	102324200	0.3577586206896552
chr10	103518600	103519200	0.5735735735735735
chr10	112812200	112813000	0.26031746031746034
chr10	116455400	116456200	0.18719211822660098
chr10	119498200	119498800	0.7441860465116279
chr10	121266700	121267800	0.6012048192771084
chr10	122815000	122815700	0.6860759493670886
chr10	129816400	129818600	0.25226860254083483
chr10	130201000	130201600	0.35678391959798994
chr10	130473200	130473800	0.4
chr11	3133600	3136000	0.44984844309727195
chr11	4013200	4016200	0.5397489539748954
chr11	5202200	5204000	0.6666666666666666
chr11	5457100	5458400	0.7262773722627737
chr11	5535400	5536000	0.7885010266940452
chr11	5808000	5809800	0.38162544169611307
chr11	7401600	7402200	0.6577777777777778
chr11	8399600	8400200	0.12244897959183673
chr11	10216800	10217400	0.703125
chr11	10674000	10674800	0.2743682310469314
chr11	12025200	12027200	0.7132501006846557
chr11	12905800	12906600	0.3375
chr11	13351600	13352200	0.25757575757575757
chr11	15729200	15730000	0.2863636363636364
chr11	16048800	16049600	0.363395225464191
chr11	16358800	16359600	0.14015151515151514
chr11	17098800	17099400	0.2523364485981308
chr11	17912800	17913400	0.45054945054945056
chr11	19720600	19721200	0.4618181818181818
chr11	20017200	20023800	0.7584317032040472
chr11	25080000	25080600	0.6216216216216216
chr11	25370200	25371000	0.37158469945355194
chr11	29580200	29580800	0.740625
chr11	30318200	30319200	0.3701923076923077
chr11	32209400	32210400	0.5952380952380952
chr11	35875400	35876000	0.7896678966789668
chr11	40634000	40634600	0.2848101265822785
chr11	40650200	40652200	0.3352380952380952
chr11	42908400	42909000	0.5032258064516129
chr11	45769600	45770200	0.3062730627306273
chr11	48744600	48745200	0.6151832460732984
chr11	51941800	51944000	0.09633911368015415
chr11	53578600	53580200	0.7418478260869565
chr11	53966000	53966600	0.3793103448275862
chr11	55252000	55254000	0.5932584269662922
chr11	58316100	58317600	0.8520345252774353
chr11	58708800	58709600	0.17557251908396945
chr11	67219000	67221200	0.622257053291536
chr11	68604000	68604600	0.281437125748503
chr11	69825200	69827600	0.06273909716908951
chr11	83217600	83218400	0.04046242774566474
chr11	88664600	88665200	0.7951807228915663
chr11	89909800	89910600	0.5111876075731497
chr11	92129100	92131600	0.45706371191135736
chr11	92249400	92250000	0.3424657534246575
chr11	92862000	92862600	0.3968871595330739
chr11	94745400	94746000	0.020876826722338204
chr11	95763400	95764200	0.8025682182985554
chr11	95854800	95855400	0.2623574144486692
chr11	99824700	99826600	0.3418680129823296
chr11	101398800	101399500	0.370242214532872
chr11	101740000	101740600	0.6293969849246231
chr11	103805000	103805600	0.022123893805309734
chr11	107724200	107724800	0.8557692307692307
chr11	108039600	108040500	0.628158844765343
chr11	108061800	108062800	0.688953488372093
chr11	114566000	114566600	0.5950413223140496
chr11	115062400	115063000	0.17410714285714285
chr11	117898200	117899500	0.3448275862068966
chr11	118079400	118081800	0.682664054848188
chr11	118387600	118388200	0.5957446808510638
chr11	118861600	118862200	0.42574257425742573
chr11	120116600	120117200	0.7318840579710145
chr12	3108400	3109000	0.39593908629441626
chr12	5094600	5096700	0.7181688125894135
chr12	10832800	10833400	0.32286995515695066
chr12	10999200	11000000	0.19230769230769232
chr12	13434400	13437400	0.7126168224299065
chr12	13662000	13662600	0.4221105527638191
chr12	17215600	17216200	0.453781512605042
chr12	17786000	17786800	0.6912
chr12	18259400	18260000	0.5207100591715976
chr12	23907000	23907600	0.4857142857142857
chr12	24084300	24085200	0.5990190067443286
chr12	24141200	24141800	0.2589928057553957
chr12	32926600	32927200	0.6892655367231638
chr12	33364200	33365600	0.5104529616724739
chr12	37602800	37603400	0.7302452316076294
chr12	38048000	38049200	0.3497716894977169
chr12	42598600	42599200	0.7699115044247787
chr12	42666600	42667200	0.3230769230769231
chr12	43567600	43571000	0.3107996702390767
chr12	46252400	46255000	0.35049019607843135
chr12	47329400	47331200	0.41586538461538464
chr12	47983600	47984200	0.2233502538071066
chr12	48554600	48555200	0.34
chr12	54565200	54565800	0.5962732919254659
chr12	56644000	56646000	0.060126582278481014
chr12	58601600	58602200	0.3770491803278688
chr12	58770000	58770600	0.31526548672566373
chr12	58863600	58864200	0.7308347529812607
chr12	59652000	59652600	0.5506172839506173
chr12	61628600	61629200	0.19732441471571907
chr12	66200800	66201800	0.25572519083969464
chr12	68701000	68701600	0.43103448275862066
chr12	74125800	74126600	0.6804123711340206
chr12	74367200	74367800	0.26495726495726496
chr12	74807600	74808400	0.45675675675675675
chr12	80168000	80172000	0.7884615384615384
chr12	81372200	81373300	0.6301546391752577
chr12	81772600	81773200	0.6756198347107438
chr12	82565600	82566600	0.29296875
chr12	84994000	84994600	0.4407894736842105
chr12	85519000	85519600	0.05785123966942149
chr12	90476600	90477200	0.37662337662337664
chr12	91811400	91812000	0.8532608695652174
chr12	95249200	95249800	0.5127334465195246
chr12	96138800	96141600	0.3659217877094972
chr12	96865000	96865600	0.27419354838709675
chr12	98612800	98613800	0.21991701244813278
chr12	99148000	99148800	0.2929883138564274
chr12	99732800	99733400	0.7946768060836502
chr12	99817800	99818400	0.602510460251046
chr12	104567100	104568600	0.6865342163355408
chr12	109264800	109265400	0.6085714285714285
chr12	109526400	109528800	0.0274079874706343
chr12	109870300	109871600	0.6841415465268676
chr12	112020100	112021200	0.5815295815295816
chr12	113127400	113128000	0.7945945945945946
chr12	119772600	119773200	0.20833333333333334
chr13	3102500	3103500	0.36728395061728397
chr13	3138600	3140000	0.6383981154299175
chr13	3162700	3163300	0.5510204081632653
chr13	6184000	6184800	0.40789473684210525
chr13	6846200	6846800	0.18584070796460178
chr13	8441400	8442000	0.4166666666666667
chr13	10301800	10302400	0.6246719160104987
chr13	12956200	12957000	0.44689655172413795
chr13	13047000	13047600	0.6025641025641025
chr13	14400800	14402600	0.37082818294190356
chr13	14781200	14782700	0.3119266055045872
chr13	14852000	14852600	0.35
chr13	15887000	15887600	0.5061728395061729
chr13	16622000	16622600	0.34864864864864864
chr13	17821000	17821600	0.27977839335180055
chr13	18045600	18046200	0.7338403041825095
chr13	18740600	18741200	0.6951219512195121
chr13	19439000	19439600	0.3842696629213483
chr13	21650400	21652400	0.3264864864864865
chr13	22173600	22174200	0.3525641025641026
chr13	22282900	22283600	0.4166666666666667
chr13	23329200	23329800	0.19130434782608696
chr13	23375600	23376200	0.2542857142857143
chr13	29541800	29542400	0.8701754385964913
chr13	31738400	31739000	0.512987012987013
chr13	33853000	33853600	0.4987593052109181
chr13	33882800	33883400	0.5333333333333333
chr13	34140400	34142000	0.33959899749373434
chr13	34470600	34471400	0.4199288256227758
chr13	36828200	36828800	0.2159090909090909
chr13	41058200	41058800	0.36959370904325034
chr13	41311600	41312200	0.6289592760180995
chr13	41787400	41788000	0.26506024096385544
chr13	41930600	41931200	0.3021978021978022
chr13	42156600	42159100	0.681592039800995
chr13	45566600	45568000	0.820476858345021
chr13	47009200	47011400	0.7870722433460076
chr13	48585800	48587200	0.723314606741573
chr13	51086600	51087200	0.2108843537414966
chr13	52905700	52908000	0.7406513872135102
chr13	53555800	53558000	0.11566265060240964
chr13	64931800	64932600	0.35051546391752575
chr13	65323800	65324600	0.44814814814814813
chr13	66473000	66473600	0.18674698795180722
chr13	71381200	71382000	0.48129675810473815
chr13	74417600	74419200	0.11021069692058347
chr13	76478000	76478600	0.3170731707317073
chr13	78261000	78261600	0.3431578947368421
chr13	84536800	84538400	0.19962686567164178
chr13	85329200	85330200	0.4616564417177914
chr13	86305500	86306100	0.3641456582633053
chr13	96707800	96708600	0.3306613226452906
chr13	99324200	99324800	0.7225806451612903
chr13	100223900	100225200	0.27586206896551724
chr13	102736600	102737800	0.7884187082405345
chr13	107432000	107433000	0.3672566371681416
chr13	110020000	110020600	0.6442307692307693
chr13	111755400	111756100	0.8663194444444444
chr13	112349600	112350200	0.09868421052631579
chr13	116837000	116837600	0.7560975609756098
chr14	3278200	3280200	0.40069686411149824
chr14	5993400	5994200	0.41309255079006774
chr14	6235800	6236500	0.4855769230769231
chr14	10274200	10274800	0.5050505050505051
chr14	10954800	10955400	0.5625
chr14	13933000	13934000	0.12980769230769232
chr14	14243400	14244400	0.1440443213296399
chr14	14248400	14249200	0.06307977736549165
chr14	14582200	14582800	0.14201183431952663
chr14	16907600	16908200	0.36363636363636365
chr14	17005600	17006400	0.5298372513562387
chr14	17320600	17321200	0.5339055793991416
chr14	25531800	25532400	0.6341463414634146
chr14	27576800	27577400	0.6974358974358974
chr14	32863400	32864000	0.08615819209039548
chr14	37942800	37943600	0.5510204081632653
chr14	44223200	44223800	0.3888888888888889
chr14	52874400	52875000	0.7192982456140351
chr14	53895800	53896400	0.2706422018348624
chr14	60759200	60762000	0.7012263099219621
chr14	62952800	62953400	0.669683257918552
chr14	63462100	63462800	0.7828571428571428
chr14	68120200	68122000	0.15719063545150502
chr14	68811400	68813200	0.2716927453769559
chr14	69244400	69245400	0.6825396825396826
chr14	72037400	72038200	0.2619047619047619
chr14	72442800	72443400	0.1569767441860465
chr14	82893200	82894000	0.43447037701974867
chr14	90345400	90346200	0.4857142857142857
chr14	91819000	91819600	0.6209150326797386
chr14	92410000	92412400	0.32379862700228834
chr14	97116400	97117200	0.3870192307692308
chr14	99649200	99649800	0.32926829268292684
chr14	101198200	101198800	0.0707070707070707
chr14	102131000	102131600	0.2935222672064777
chr14	104986800	104987400	0.4855769230769231
chr14	106003600	106005400	0.3987823439878234
chr14	107465600	107466200	0.2677165354330709
chr14	108647500	108650000	0.4404332129963899
chr14	109011000	109012600	0.3803088803088803
chr14	110553000	110553600	0.6421052631578947
chr14	112083000	112083800	0.44692737430167595
chr14	112216000	112216600	0.30982367758186397
chr14	112396000	112397000	0.5419515226848974
chr14	118489000	118490600	0.5774647887323944
chr14	118515200	118515800	0.7184873949579832
chr14	118879000	118880900	0.781651376146789
chr14	120195800	120196400	0.49480968858131485
chr14	121233700	121234500	0.6566265060240963
chr14	123821000	123821600	0.4926829268292683
chr15	3118800	3119400	0.5272727272727272
chr15	3156600	3157200	0.6480446927374302
chr15	3887600	3888400	0.4444444444444444
chr15	4607800	4608400	0.2129032258064516
chr15	6680000	6683800	0.263755980861244
chr15	9557000	9557800	0.19915254237288135
chr15	9643400	9644000	0.1
chr15	16309200	16309800	0.25866666666666666
chr15	18125500	18127800	0.3951048951048951
chr15	19403100	19404600	0.33547008547008544
chr15	21875600	21876200	0.3058637083993661
chr15	21889600	21890900	0.3411978221415608
chr15	22487800	22488600	0.4509090909090909
chr15	23823800	23825200	0.42578125
chr15	24648400	24649000	0.3709677419354839
chr15	27025200	27025800	0.7046263345195729
chr15	29737000	29737600	0.1322314049586777
chr15	33269600	33270400	0.5
chr15	33867400	33868200	0.31521739130434784
chr15	36483300	36483900	0.6835443037974683
chr15	37759300	37760200	0.5020746887966805
chr15	49279800	49282800	0.45904173106646057
chr15	50572400	50573200	0.46774193548387094
chr15	52845000	52845600	0.36685288640595903
chr15	57413200	57414000	0.43790849673202614
chr15	57822000	57823800	0.713907284768212
chr15	60172000	60172600	0.6218487394957983
chr15	65268200	65271100	0.40298507462686567
chr15	67911000	67912000	0.39
chr15	68180400	68181000	0.7361878453038674
chr15	68368200	68368800	0.39774330042313116
chr15	72806600	72811400	0.7879793510324484
chr15	75013000	75013600	0.4514285714285714
chr15	75031000	75032600	0.36363636363636365
chr15	75040400	75041000	0.3015075376884422
chr15	75523400	75524000	0.35240963855421686
chr15	79258200	79262300	0.08920513710517182
chr15	83698800	83701200	0.14264264264264265
chr15	83791800	83792600	0.6715976331360947
chr15	86549000	86549600	0.15853658536585366
chr15	86568400	86569000	0.39869281045751637
chr15	92767200	92768000	0.5886075949367089
chr15	97058500	97059600	0.6602409638554216
chr15	97486400	97487200	0.6548672566371682
chr15	97793400	97794200	0.5358166189111748
chr15	99867200	99869100	0.5563218390804597
chr15	101063600	101064200	0.4642857142857143
chr15	101194600	101195200	0.7941176470588235
chr15	103888600	103889200	0.24324324324324326
chr16	4858200	4860000	0.40493319630010277
chr16	5525000	5525600	0.7777777777777778
chr16	14878400	14879000	0.510752688172043
chr16	15434000	15434600	0.756578947368421
chr16	18083400	18084000	0.6414473684210527
chr16	19069700	19070400	0.3448275862068966
chr16	21028200	21028800	0.27722772277227725
chr16	21612800	21613600	0.651685393258427
chr16	25190700	25191400	0.43147208121827413
chr16	28621800	28622800	0.7171052631578947
chr16	28853800	28857000	0.337555414819506
chr16	31050400	31051000	0.6673387096774194
chr16	31156000	31156900	0.6231578947368421
chr16	42003200	42003800	0.6507462686567164
chr16	42657000	42657600	0.7283653846153846
chr16	44473800	44474400	0.13106796116504854
chr16	45055800	45056600	0.502454991816694
chr16	46362400	46363600	0.32061068702290074
chr16	47187800	47188400	0.5654205607476636
chr16	47300600	47301400	0.3611111111111111
chr16	48267800	48268400	0.1588785046728972
chr16	48497000	48498000	0.4096590909090909
chr16	50773400	50775600	0.2698412698412698
chr16	52707000	52707600	0.25067385444743934
chr16	53192400	53193000	0.39335180055401664
chr16	54003000	54003800	0.3700564971751412
chr16	54507400	54508000	0.6057692307692307
chr16	56038600	56042000	0.29310344827586204
chr16	57878200	57878800	0.4634146341463415
chr16	58249400	58250000	0.4015748031496063
chr16	60884000	60884800	0.45723684210526316
chr16	62345000	62345800	0.4641509433962264
chr16	64572200	64573200	0.4671945701357466
chr16	65031600	65033000	0.4175334323922734
chr16	67391000	67391600	0.3994082840236686
chr16	68529200	68530000	0.6691542288557214
chr16	69163200	69164200	0.37924865831842575
chr16	70947400	70948000	0.24710982658959538
chr16	71976000	71976800	0.32098765432098764
chr16	76403200	76403800	0.6703499079189686
chr16	77814600	77815400	0.5265089722675367
chr16	77938000	77938600	0.4956140350877193
chr16	80268100	80269500	0.30246913580246915
chr16	85644000	85644600	0.56875
chr16	88754800	88755400	0.32608695652173914
chr16	89963100	89964600	0.8382480485689505
chr16	90049600	90050200	0.7183908045977011
chr16	91456200	91457800	0.2900763358778626
chr16	91990700	91991600	0.1760204081632653
chr16	94832800	94833400	0.7347480106100795
chr16	95718800	95719400	0.7213114754098361
chr16	95815600	95816200	0.7333333333333333
chr16	97352000	97352800	0.2432
chr17	4339800	4340400	0.37383177570093457
chr17	6739400	6741400	0.43946188340807174
chr17	8001000	8006000	0.6016427104722792
chr17	10974200	10974800	0.5979381443298969
chr17	12741200	12743000	0.8026418026418026
chr17	14013600	14014600	0.3934959349593496
chr17	16625000	16625600	0.4435483870967742
chr17	17274800	17275400	0.5833333333333334
chr17	18841600	18842400	0.4392857142857143
chr17	19042400	19043000	0.25252525252525254
chr17	20143500	20144700	0.5093457943925234
chr17	20570800	20571400	0.6977777777777778
chr17	22055800	22058800	0.3232799245994345
chr17	22623600	22624400	0.3458528951486698
chr17	23908000	23909000	0.13333333333333333
chr17	30499400	30500000	0.7566765578635015
chr17	32016400	32017000	0.512
chr17	32069800	32070400	0.3382352941176471
chr17	32587400	32588000	0.6598360655737705
chr17	34044400	34046400	0.6981818181818182
chr17	34398600	34399400	0.8574561403508771
chr17	35281200	35282600	0.3654708520179372
chr17	35363400	35364000	0.4214876033057851
chr17	37730800	37731600	0.3595890410958904
chr17	38897600	38898200	0.48739495798319327
chr17	38982200	38983200	0.34770114942528735
chr17	40645600	40646200	0.27564102564102566
chr17	41603400	41604000	0.4375
chr17	45196600	45197200	0.5818181818181818
chr17	49281200	49281800	0.803921568627451
chr17	50177600	50178200	0.13829787234042554
chr17	52988400	52989000	0.3941299790356394
chr17	53983800	53985100	0.417910447761194
chr17	54552000	54552600	0.4727272727272727
chr17	55557800	55558400	0.5169811320754717
chr17	60275600	60276200	0.4824120603015075
chr17	60745600	60746300	0.5128205128205128
chr17	62402200	62402800	0.2834467120181406
chr17	67811100	67813100	0.643609022556391
chr17	69285900	69289200	0.7332328560663149
chr17	73827000	73830400	0.7386609071274298
chr17	77797600	77798200	0.5323529411764706
chr17	84629600	84630200	0.510989010989011
chr17	85737200	85738000	0.06310679611650485
chr17	87133600	87135200	0.7638780297107115
chr17	90478800	90479600	0.45774647887323944
chr17	91271800	91272800	0.26174496644295303
chr17	91359200	91359800	0.1565217391304348
chr17	92040600	92041200	0.14566929133858267
chr17	92103600	92104400	0.3801452784503632
chr17	92997800	92998400	0.3363914373088685
chr17	93403900	93404600	0.3557692307692308
chr17	94500800	94501400	0.7387755102040816
chr18	3227200	3227800	0.4764705882352941
chr18	3711600	3712200	0.6256684491978609
chr18	3873200	3875200	0.3845070422535211
chr18	7274200	7275000	0.6929824561403509
chr18	7771200	7771800	0.20300751879699247
chr18	7816800	7817400	0.5729166666666666
chr18	11746600	11747400	0.1452513966480447
chr18	12972600	12974800	0.7636138613861386
chr18	13172800	13173400	0.4061433447098976
chr18	15988800	15992800	0.2669826224328594
chr18	16288800	16289400	0.38494167550371156
chr18	17352300	17353300	0.3522388059701492
chr18	24705600	24706200	0.2703862660944206
chr18	32877000	32877600	0.6917293233082706
chr18	35528400	35529000	0.23076923076923078
chr18	36850600	36853400	0.2441860465116279
chr18	38359200	38359800	0.08979591836734693
chr18	44698400	44699000	0.6623376623376623
chr18	46317400	46318200	0.061052631578947365
chr18	50090200	50090800	0.6987179487179487
chr18	54158800	54159400	0.08294930875576037
chr18	58804200	58804800	0.35448776065276516
chr18	58853400	58854200	0.44410876132930516
chr18	59357400	59358200	0.21926910299003322
chr18	60412200	60412800	0.32903225806451614
chr18	61358000	61358600	0.6870503597122302
chr18	69159200	69159900	0.508833922261484
chr18	70509000	70510600	0.7167530224525043
chr18	70705800	70706400	0.824
chr18	71209100	71209900	0.4666666666666667
chr18	74151100	74151800	0.676737160120846
chr18	77207800	77208400	0.03680981595092025
chr18	77368800	77369400	0.5119705340699816
chr18	79933000	79934400	0.24170616113744076
chr18	83134800	83135600	0.7950138504155124
chr18	87160400	87161400	0.4310915104740904
chr18	87695600	87696200	0.3006993006993007
chr18	89407600	89408200	0.2809734513274336
chr18	90429800	90430800	0.5562169312169312
chr18	90559000	90560400	0.1771058315334773
chr19	5406200	5407000	0.2827298050139276
chr19	5861400	5862600	0.8163841807909604
chr19	7859800	7860400	0.31223628691983124
chr19	8032600	8034200	0.49696969696969695
chr19	8276800	8277400	0.6418918918918919
chr19	8323800	8324400	0.4166666666666667
chr19	9375000	9375600	0.8169491525423729
chr19	9717600	9718200	0.6734177215189874
chr19	10425000	10425700	0.549618320610687
chr19	11670400	11671000	0.772609819121447
chr19	12543800	12545200	0.1971153846153846
chr19	13159600	13160200	0.2107843137254902
chr19	19241200	19241800	0.39143730886850153
chr19	19508600	19509300	0.4581151832460733
chr19	20754600	20755200	0.3223684210526316
chr19	21248000	21248600	0.3356401384083045
chr19	24970000	24970800	0.3435114503816794
chr19	25426800	25428400	0.7379576107899807
chr19	25819200	25819800	0.3141831238779174
chr19	26897200	26897800	0.41081081081081083
chr19	31722600	31724200	0.2431592039800995
chr19	39157000	39157800	0.32348596750369274
chr19	43738000	43738700	0.6454183266932271
chr19	44712800	44713600	0.27634194831013914
chr19	46579800	46581000	0.7042532146389713
chr19	47896200	47898300	0.7801120448179272
chr19	51469400	51470000	0.25824175824175827
chr19	51701200	51701800	0.35135135135135137
chr19	51955200	51955800	0.31949685534591193
chr19	53580200	53580800	0.47029702970297027
chr19	54911600	54912200	0.44537815126050423
chr19	55593200	55593900	0.5696428571428571
chr19	55628000	55630600	0.6902552204176334
chr19	55931400	55932000	0.7081632653061225
chr19	56231600	56232200	0.44970414201183434
chr19	56326000	56326800	0.7903780068728522
chr19	57378400	57381600	0.7093933463796478
chr19	57437000	57439600	0.16727716727716727
chr19	58706400	58707200	0.30718954248366015
chr19	58799200	58800700	0.7790973871733967
chr19	61207600	61208200	0.5926892950391645
chr2	7509100	7509800	0.3698630136986301
chr2	7629900	7630600	0.6458333333333334
chr2	12449200	12450000	0.3568075117370892
chr2	13913200	13913800	0.457286432160804
chr2	15334400	15335000	0.4434250764525994
chr2	15663600	15664400	0.4693548387096774
chr2	16894600	16895200	0.4424083769633508
chr2	19914600	19915400	0.27225130890052357
chr2	21246400	21247000	0.4347305389221557
chr2	22275000	22275600	0.48066298342541436
chr2	24237600	24238200	0.36363636363636365
chr2	26664300	26665100	0.11428571428571428
chr2	28228800	28229800	0.7931623931623931
chr2	36316700	36317400	0.5606694560669456
chr2	36807600	36808400	0.3522906793048973
chr2	36964400	36965000	0.5328467153284672
chr2	38568600	38571000	0.7349505840071878
chr2	39704000	39704800	0.47591522157996147
chr2	43071400	43072000	0.4049079754601227
chr2	43329200	43330000	0.5813148788927336
chr2	48227200	48227800	0.6224489795918368
chr2	48784800	48786800	0.3620689655172414
chr2	48853600	48854200	0.7389830508474576
chr2	52338400	52339400	0.26843657817109146
chr2	55999000	55999600	0.4594594594594595
chr2	59817400	59819000	0.5921787709497207
chr2	59843000	59844000	0.7142857142857143
chr2	63397600	63398200	0.27298050139275765
chr2	63805600	63806200	0.7406417112299465
chr2	66736600	66737200	0.5076923076923077
chr2	73010400	73013200	0.10539714867617107
chr2	76709800	76713000	0.7963875205254516
chr2	76722900	76725900	0.8519249753208292
chr2	78617000	78617600	0.31376518218623484
chr2	85070000	85070600	0.5349794238683128
chr2	85471900	85473100	0.3643410852713178
chr2	88212200	88212800	0.5076923076923077
chr2	89560600	89561200	0.56
chr2	95695800	95696400	0.5742574257425742
chr2	98208200	98208800	0.7170868347338936
chr2	98752000	98752600	0.5263157894736842
chr2	107171400	107172000	0.5673289183222958
chr2	108202400	108203200	0.1917808219178082
chr2	110095200	110095800	0.4125
chr2	111040800	111041400	0.3153846153846154
chr2	111936200	111936800	0.35398230088495575
chr2	116454200	116454800	0.14516129032258066
chr2	125617400	125618000	0.6609848484848485
chr2	127577000	127577700	0.6983240223463687
chr2	139476000	139476600	0.39851485148514854
chr2	147672200	147672800	0.6294820717131474
chr2	148745200	148747200	0.3645621181262729
chr2	149519300	149520000	0.34057971014492755
chr2	152686400	152688000	0.7699468085106383
chr2	155987400	155988700	0.7
chr2	156482000	156482600	0.012539184952978056
chr2	156747800	156749200	0.6204906204906205
chr2	157557300	157562400	0.7858990944372575
chr2	159345800	159346800	0.2411214953271028
chr2	160753600	160754200	0.7210884353741497
chr2	162841600	162842200	0.5405405405405406
chr2	163469400	163470200	0.8359621451104101
chr2	164502200	164503000	0.7172995780590717
chr2	165296400	165297800	0.7602118003025718
chr2	165380000	165383600	0.7795420974889217
chr2	165514700	165516300	0.7139896373056995
chr2	166430400	166432600	0.16639477977161501
chr2	166629600	166633200	0.5853403141361256
chr2	168488600	168489600	0.7104377104377104
chr2	168622800	168624200	0.22563417890520696
chr2	168979600	168980200	0.71875
chr2	169764800	169765400	0.6776315789473685
chr2	170504400	170505200	0.6191661481020535
chr2	170891200	170891800	0.11428571428571428
chr2	172001800	172004200	0.18864097363083165
chr2	172291600	172292800	0.0860655737704918
chr2	172895400	172897100	0.5639943741209564
chr2	173066600	173067200	0.35542168674698793
chr2	173098000	173098600	0.2350597609561753
chr2	173455400	173456000	0.08298755186721991
chr2	173645800	173647600	0.46645367412140576
chr2	174092200	174092800	0.48717948717948717
chr2	174096800	174099400	0.6951219512195121
chr2	174121800	174122400	0.10687022900763359
chr2	174293700	174301200	0.8688697486377219
chr2	174345100	174346600	0.8610816542948038
chr2	176790000	176790600	0.34516129032258064
chr2	177281600	177282200	0.3772455089820359
chr2	179179200	179179800	0.8188405797101449
chr2	179298200	179299400	0.35993975903614456
chr2	179605200	179605800	0.6889952153110048
chr2	181092000	181092600	0.5048780487804878
chr2	181109400	181110000	0.6167664670658682
chr2	181112800	181113400	0.7183908045977011
chr3	5903000	5903600	0.2824074074074074
chr3	6377200	6379100	0.32170542635658916
chr3	7302200	7304800	0.3640897755610973
chr3	8129400	8130200	0.5504087193460491
chr3	13130200	13131000	0.25517241379310346
chr3	14447200	14448000	0.4034334763948498
chr3	14745400	14746000	0.41785714285714287
chr3	16249900	16250500	0.42857142857142855
chr3	19584400	19585000	0.6134969325153374
chr3	20419000	20419600	0.3962765957446808
chr3	20854000	20854600	0.37341772151898733
chr3	22284400	22285400	0.4094488188976378
chr3	22954800	22955600	0.33692307692307694
chr3	22961200	22962000	0.4605263157894737
chr3	23314200	23314800	0.5782983970406905
chr3	24810000	24810600	0.28501228501228504
chr3	26601600	26602400	0.6116071428571429
chr3	26906000	26906600	0.43597560975609756
chr3	27258200	27258800	0.06134969325153374
chr3	29719400	29720200	0.5259967358358592
chr3	32313800	32314600	0.4521232306411324
chr3	33479200	33480000	0.4470588235294118
chr3	35171200	35171800	0.2850678733031674
chr3	36853200	36853800	0.4186893203883495
chr3	38455200	38457200	0.8103448275862069
chr3	38626800	38627400	0.3323170731707317
chr3	39173800	39174400	0.22535211267605634
chr3	43491800	43492400	0.23140495867768596
chr3	45578400	45579800	0.2749658002735978
chr3	51264200	51265200	0.5619469026548672
chr3	53323200	53323800	0.6292134831460674
chr3	53721200	53723800	0.33753943217665616
chr3	53888000	53888600	0.0743801652892562
chr3	55102000	55102600	0.08923076923076922
chr3	56009200	56009800	0.0
chr3	56853800	56854400	0.31952662721893493
chr3	57869600	57870200	0.38095238095238093
chr3	59689000	59689600	0.45779685264663805
chr3	66112200	66112800	0.511400651465798
chr3	66268800	66269400	0.43039918116683723
chr3	67775800	67777200	0.43388429752066116
chr3	70745800	70746800	0.29448818897637796
chr3	71225600	71226200	0.2714285714285714
chr3	73863800	73864800	0.3036750483558994
chr3	74864800	74865500	0.32882882882882886
chr3	75715000	75715600	0.22666666666666666
chr3	78249800	78250400	0.4467005076142132
chr3	87535400	87536800	0.691025641025641
chr3	88240800	88241700	0.7356435643564356
chr3	91649400	91650000	0.5353260869565217
chr3	93619800	93620500	0.42671009771986973
chr3	94254600	94255200	0.6608695652173913
chr3	97086600	97087200	0.4808743169398907
chr3	98098000	98101000	0.6914893617021277
chr3	101450800	101451400	0.6797385620915033
chr3	106247400	106248000	0.6621004566210046
chr3	108242200	108244700	0.4578313253012048
chr3	110057000	110058200	0.3127062706270627
chr3	111724700	111725400	0.4430379746835443
chr3	112566200	112566800	0.6795454545454546
chr3	112746800	112747400	0.7661290322580645
chr3	113065200	113065800	0.4603174603174603
chr3	113218600	113219200	0.7416666666666667
chr3	113669400	113670000	0.36619718309859156
chr3	115442600	115443200	0.4964200477326969
chr3	117168800	117169400	0.38202247191011235
chr3	117776200	117776800	0.21374045801526717
chr3	119312000	119312600	0.171875
chr3	120740800	120742600	0.3493227990970655
chr3	123817200	123818000	0.3953488372093023
chr3	124166200	124166800	0.3280757097791798
chr3	125029600	125030200	0.28705882352941176
chr3	126910800	126911400	0.2785923753665689
chr3	128446000	128446600	0.4302600472813239
chr3	128808000	128808600	0.4326530612244898
chr3	128966400	128967000	0.47391304347826085
chr3	135774400	135775000	0.4161073825503356
chr3	139188400	139189000	0.5
chr3	151234000	151234600	0.4344262295081967
chr3	156966600	156967600	0.44749596122778673
chr3	159303000	159306400	0.4186851211072664
chr4	4028600	4029200	0.5373563218390804
chr4	6609200	6610000	0.3226256983240223
chr4	8135400	8136400	0.36886993603411516
chr4	10354000	10354800	0.41641337386018235
chr4	11400000	11401000	0.4861878453038674
chr4	12136600	12137600	0.5238434163701068
chr4	12959200	12959800	0.43040293040293043
chr4	14423800	14424400	0.2983425414364641
chr4	14984200	14984800	0.38686131386861317
chr4	15341400	15344000	0.29557069846678025
chr4	16246600	16249200	0.2677543186180422
chr4	16810400	16811200	0.5531135531135531
chr4	16862800	16863400	0.7719298245614035
chr4	17065700	17066400	0.6387096774193548
chr4	20207000	20207600	0.4452296819787986
chr4	20919600	20920400	0.30980392156862746
chr4	22200600	22201200	0.3533834586466165
chr4	23421200	23424000	0.32167300380228137
chr4	25159200	25160000	0.321656050955414
chr4	25188000	25189600	0.30376940133037694
chr4	32894000	32894800	0.81640625
chr4	33301400	33302000	0.5866666666666667
chr4	35781200	35781800	0.5055555555555555
chr4	37224000	37225200	0.3157894736842105
chr4	37365800	37368400	0.38309859154929576
chr4	38383600	38384200	0.22053231939163498
chr4	41637400	41639000	0.236084452975048
chr4	43568000	43569200	0.668918918918919
chr4	44264800	44265600	0.21641791044776118
chr4	50319700	50320400	0.5794871794871795
chr4	53126400	53127200	0.4230769230769231
chr4	54695600	54696200	0.46774193548387094
chr4	55402400	55403000	0.02575107296137339
chr4	55418800	55419600	0.46020573903627504
chr4	60457800	60458800	0.40118577075098816
chr4	62991200	62991800	0.05392156862745098
chr4	65613100	65615200	0.784251968503937
chr4	66681800	66682500	0.31301939058171746
chr4	67916000	67916600	0.22273781902552203
chr4	69569600	69570200	0.4740740740740741
chr4	70815800	70816900	0.6167400881057269
chr4	70832200	70832800	0.3176470588235294
chr4	71915400	71916000	0.6118980169971672
chr4	74648800	74649400	0.49056603773584906
chr4	77151800	77152400	0.5343511450381679
chr4	80928400	80930400	0.3389391979301423
chr4	82672000	82674000	0.2413793103448276
chr4	82791800	82792500	0.44774590163934425
chr4	88481200	88481800	0.2840909090909091
chr4	91068800	91069400	0.5061425061425061
chr4	91576200	91576800	0.335423197492163
chr4	91654200	91655400	0.30375
chr4	92763800	92764400	0.3791208791208791
chr4	99731400	99732000	0.331306990881459
chr4	103168800	103169400	0.15025906735751296
chr4	110863200	110863800	0.09615384615384616
chr4	111271600	111273800	0.36893203883495146
chr4	113836400	113837000	0.5688622754491018
chr4	115194600	115195200	0.639344262295082
chr4	117477800	117478400	0.1377245508982036
chr4	121378400	121379100	0.38181818181818183
chr4	122662600	122663200	0.4368932038834951
chr4	124549200	124549800	0.20105820105820105
chr4	125182200	125182800	0.07407407407407407
chr4	128483200	128483800	0.5855855855855856
chr4	128585400	128590000	0.7607920792079208
chr4	131012200	131013000	0.3439024390243902
chr4	131495000	131495600	0.5121951219512195
chr4	131788200	131788800	0.6188340807174888
chr4	135802000	135802600	0.1702127659574468
chr4	138291800	138294000	0.13303437967115098
chr4	138706600	138707200	0.7282051282051282
chr4	139784200	139785000	0.06753246753246753
chr4	140458600	140462000	0.10786516853932585
chr4	140786000	140786800	0.21265822784810126
chr4	143579200	143579800	0.7540106951871658
chr4	143827200	143827800	0.18571428571428572
chr4	145572900	145573600	0.48700564971751414
chr4	150878200	150880300	0.7878787878787878
chr4	151144400	151145600	0.3198900091659028
chr4	151248800	151251800	0.0674955595026643
chr4	151876200	151876800	0.07317073170731707
chr4	153314600	153315200	0.041474654377880185
chr4	154112800	154113400	0.1736842105263158
chr4	155854800	155855400	0.7574850299401198
chr5	3436000	3437600	0.4413177762525738
chr5	3613600	3614300	0.7054794520547946
chr5	8759400	8760100	0.18831168831168832
chr5	11619000	11619800	0.37766830870279144
chr5	11963200	11964000	0.2340966921119593
chr5	16755400	16756000	0.3516949152542373
chr5	17682600	17684300	0.31345565749235477
chr5	26044000	26047200	0.28415300546448086
chr5	26929600	26930200	0.55
chr5	29408800	29409400	0.18050541516245489
chr5	29983200	29984000	0.5724465558194775
chr5	36966800	36968500	0.7759421786267424
chr5	37326200	37326800	0.7129840546697038
chr5	38673200	38674400	0.8459119496855346
chr5	38912000	38912600	0.4627450980392157
chr5	42661600	42662400	0.2589118198874296
chr5	45345600	45346200	0.09117647058823529
chr5	52918400	52919000	0.15228426395939088
chr5	53582400	53583000	0.2826086956521739
chr5	55011000	55013200	0.4520276953511375
chr5	56128800	56129600	0.46079380445304935
chr5	58647000	58648700	0.2717842323651452
chr5	61292600	61294200	0.3529664660361135
chr5	61879000	61880200	0.34256055363321797
chr5	62138500	62139200	0.38922155688622756
chr5	63225600	63227900	0.4915378955114054
chr5	63727200	63727800	0.16944444444444445
chr5	64906400	64907000	0.45901639344262296
chr5	69426800	69428200	0.4439252336448598
chr5	69639800	69640800	0.35319148936170214
chr5	70002000	70002600	0.29891304347826086
chr5	70117200	70117800	0.4262295081967213
chr5	70561400	70562000	0.563265306122449
chr5	73859600	73860200	0.3753943217665615
chr5	75653400	75655700	0.7945492662473794
chr5	86594200	86595000	0.3065843621399177
chr5	87966400	87967000	0.3333333333333333
chr5	90372400	90373000	0.3276595744680851
chr5	96672000	96672600	0.24074074074074073
chr5	97063800	97064400	0.7638190954773869
chr5	97087000	97088100	0.765195670274771
chr5	99943600	99944600	0.8094462540716613
chr5	100726600	100727200	0.3020408163265306
chr5	105811600	105813800	0.7508509189925119
chr5	109550000	109553400	0.6246575342465753
chr5	109971600	109972200	0.28431372549019607
chr5	112098400	112099000	0.7549019607843137
chr5	113623600	113625000	0.6854838709677419
chr5	114196400	114197200	0.6224489795918368
chr5	114802400	114804800	0.6545682102628285
chr5	116803400	116804000	0.7268170426065163
chr5	116981600	116982500	0.04430379746835443
chr5	117295800	117296400	0.5798816568047337
chr5	117707800	117708500	0.6853932584269663
chr5	118491600	118492200	0.6767676767676768
chr5	119440300	119441200	0.6048034934497817
chr5	124124600	124125200	0.7445887445887446
chr5	125035800	125036400	0.6337792642140468
chr5	125785600	125788000	0.7243133265513734
chr5	128759300	128760200	0.6200716845878136
chr5	128781600	128782400	0.8188405797101449
chr5	129623400	129624000	0.368763557483731
chr5	129657400	129658000	0.21875
chr5	129862400	129863000	0.6976744186046512
chr5	131439400	131441000	0.7097953216374269
chr5	131554200	131554800	0.7045454545454546
chr5	134076000	134076600	0.21897810218978103
chr5	134217000	134218000	0.12632375189107414
chr5	135348600	135352200	0.7872777017783857
chr5	141154600	141155200	0.14942528735632185
chr5	143758000	143758600	0.70042194092827
chr5	143966600	143967900	0.8180473372781065
chr5	144092200	144093000	0.28720626631853785
chr5	144555000	144556600	0.8074766355140187
chr5	144621800	144623600	0.05649717514124294
chr5	146470000	146471000	0.6047120418848168
chr5	148384800	148385400	0.6859903381642513
chr6	3121000	3121600	0.6708860759493671
chr6	4092000	4093000	0.4298850574712644
chr6	4747200	4755600	0.8101464435146444
chr6	5476600	5477200	0.44805194805194803
chr6	5480000	5481000	0.4820846905537459
chr6	6626000	6627000	0.43137254901960786
chr6	7113000	7113600	0.6840390879478827
chr6	7460200	7461000	0.36585365853658536
chr6	8334600	8335200	0.3108108108108108
chr6	11205200	11206200	0.5661252900232019
chr6	11378600	11379200	0.36875
chr6	11421200	11421800	0.37468354430379747
chr6	11864600	11865200	0.20899470899470898
chr6	11890800	11891400	0.23655913978494625
chr6	12775400	12776000	0.4903047091412742
chr6	14380000	14380800	0.4739583333333333
chr6	14929000	14929800	0.46808510638297873
chr6	15457800	15458400	0.27303754266211605
chr6	18585400	18587800	0.30728241563055064
chr6	20528000	20528600	0.36007462686567165
chr6	24069000	24069800	0.4326923076923077
chr6	24717200	24718400	0.15692307692307692
chr6	26753200	26755000	0.3477406679764244
chr6	26992400	26993200	0.22746781115879827
chr6	28178000	28178800	0.5759199714183637
chr6	30735200	30739400	0.8022648083623694
chr6	30929100	30929800	0.5963855421686747
chr6	33664800	33665600	0.4114583333333333
chr6	35964600	35965200	0.5121951219512195
chr6	38128200	38128800	0.84375
chr6	41926800	41928600	0.31497797356828194
chr6	42502200	42502800	0.5824175824175825
chr6	43131200	43131800	0.4844124700239808
chr6	46153400	46154000	0.48986486486486486
chr6	46226400	46227000	0.34615384615384615
chr6	47904200	47905600	0.8577252344068488
chr6	49971000	49971600	0.2054794520547945
chr6	50619600	50621600	0.41454272863568215
chr6	55496800	55497400	0.5606936416184971
chr6	56965800	56966600	0.3654618473895582
chr6	57052600	57053400	0.07446808510638298
chr6	58017600	58018200	0.4258241758241758
chr6	58712400	58713000	0.44036697247706424
chr6	58906200	58907400	0.698804780876494
chr6	59911200	59911800	0.366412213740458
chr6	60575600	60576200	0.14673913043478262
chr6	60897600	60898600	0.43434343434343436
chr6	63922800	63925400	0.37293729372937295
chr6	66828600	66829200	0.2514792899408284
chr6	69802800	69803600	0.4407684098185699
chr6	70008400	70009000	0.65625
chr6	70019800	70020600	0.37181996086105673
chr6	74658800	74659400	0.33429394812680113
chr6	75343200	75343800	0.47674418604651164
chr6	76098200	76098800	0.7842323651452282
chr6	76618000	76618600	0.5052083333333334
chr6	78524800	78525900	0.23208191126279865
chr6	78938000	78939200	0.6053130929791272
chr6	80378800	80379600	0.30903790087463556
chr6	81336200	81339000	0.24722838137472283
chr6	82212400	82213000	0.348747591522158
chr6	89322600	89323900	0.7385103011093502
chr6	89332700	89334200	0.6426116838487973
chr6	93068300	93069100	0.48928571428571427
chr6	96704400	96706800	0.28134556574923547
chr6	99877800	99878600	0.6705069124423964
chr6	101150400	101152900	0.767203513909224
chr6	101453800	101454400	0.15060240963855423
chr6	101825000	101825600	0.37727272727272726
chr6	104384800	104385800	0.2236328125
chr6	105426900	105427600	0.1902834008097166
chr6	118617600	118618200	0.12206572769953052
chr6	123243800	123244400	0.3774193548387097
chr6	123762200	123762800	0.40540540540540543
chr6	125249200	125252100	0.25986597170513775
chr6	129845800	129846600	0.3181818181818182
chr6	132642600	132643200	0.5555555555555556
chr6	133948600	133949200	0.3300970873786408
chr6	135732000	135734000	0.776
chr6	136398200	136402000	0.7484184914841849
chr6	137621200	137621800	0.7643742953776775
chr6	137715800	137716400	0.3791208791208791
chr6	139768400	139769000	0.1488095238095238
chr6	141211000	141211600	0.4940923737916219
chr6	142167800	142168700	0.503370786516854
chr6	142202600	142203200	0.7043010752688172
chr6	142396600	142399600	0.7034739454094293
chr6	142768600	142770800	0.6296296296296297
chr6	143464800	143465400	0.7730870712401056
chr6	148154600	148155400	0.5890736342042755
chr7	3961400	3962000	0.6210045662100456
chr7	6131800	6133400	0.8649851632047477
chr7	6677000	6678200	0.7594594594594595
chr7	6708400	6711700	0.6561969439728353
chr7	6727200	6731400	0.7819548872180451
chr7	7043400	7044100	0.2847682119205298
chr7	7063400	7065100	0.10087719298245613
chr7	7761000	7761600	0.5042372881355932
chr7	10082600	10083200	0.5848484848484848
chr7	10296000	10296600	0.671957671957672
chr7	11829800	11830800	0.31690140845070425
chr7	12566200	12566800	0.6321243523316062
chr7	12970400	12971800	0.8482892188508715
chr7	13946000	13946800	0.3325740318906606
chr7	15280000	15280600	0.2593984962406015
chr7	15511200	15511800	0.27624309392265195
chr7	16771200	16772300	0.17412333736396615
chr7	17196600	17197200	0.35580524344569286
chr7	23357600	23358600	0.7421602787456446
chr7	24034800	24035400	0.328125
chr7	24164200	24165000	0.4828614008941878
chr7	25865600	25866400	0.31988472622478387
chr7	26410800	26411400	0.36789297658862874
chr7	28099000	28099800	0.6581920903954802
chr7	28109600	28112200	0.45127610208816704
chr7	31687600	31688200	0.7333333333333333
chr7	31963400	31964000	0.5362563237774031
chr7	32720400	32721200	0.5454545454545454
chr7	35274800	35275800	0.7440087145969498
chr7	39837000	39837600	0.3885350318471338
chr7	42914400	42915000	0.21929824561403508
chr7	44079600	44080200	0.125
chr7	46497600	46500400	0.6811145510835913
chr7	48386300	48387000	0.5132743362831859
chr7	49464400	49465200	0.7546296296296297
chr7	51329400	51330200	0.4623015873015873
chr7	52410800	52411800	0.21354166666666666
chr7	53621800	53622400	0.18811881188118812
chr7	59864700	59866600	0.5540229885057472
chr7	60003000	60005400	0.8022670025188917
chr7	61406800	61407400	0.16346153846153846
chr7	67149800	67150400	0.7750556792873051
chr7	69595600	69596200	0.5852842809364549
chr7	69724000	69726200	0.35475578406169667
chr7	75865200	75865800	0.699009900990099
chr7	79115500	79118200	0.11552346570397112
chr7	82540000	82540800	0.17647058823529413
chr7	83567600	83568200	0.10703363914373089
chr7	84719000	84719600	0.24324324324324326
chr7	86008800	86009700	0.2889447236180904
chr7	87902600	87904200	0.3203463203463203
chr7	92341200	92341800	0.5204081632653061
chr7	92356000	92356600	0.4738675958188153
chr7	94795400	94796000	0.45569620253164556
chr7	95533000	95533600	0.5912596401028277
chr7	101464000	101464600	0.5816326530612245
chr7	106253200	106253800	0.176056338028169
chr7	107951400	107952200	0.6605316973415133
chr7	108026200	108028400	0.34051724137931033
chr7	109026200	109027000	0.6426426426426426
chr7	111232600	111233200	0.18811881188118812
chr7	117667200	117668000	0.6446991404011462
chr7	125505400	125506800	0.19932998324958123
chr7	127866200	127868400	0.8078175895765473
chr7	128685000	128689800	0.84941013185288
chr7	131106000	131106600	0.7257142857142858
chr7	137127800	137130200	0.6878787878787879
chr7	137416200	137418400	0.3439635535307517
chr7	138665400	138666200	0.3277310924369748
chr7	140027800	140029200	0.7416666666666667
chr7	140738500	140741200	0.22328931572629052
chr7	142579900	142582200	0.07362784471218206
chr7	143294800	143296800	0.8191144708423326
chr7	143340400	143341000	0.5686274509803921
chr7	143677800	143678400	0.3867924528301887
chr7	143691600	143694600	0.5068912710566615
chr7	144168200	144172200	0.5508658008658008
chr8	3994000	3997400	0.6892207186187588
chr8	4808200	4808900	0.5625
chr8	5639600	5640800	0.49910071942446044
chr8	5784500	5785200	0.41700404858299595
chr8	6481400	6482100	0.5102040816326531
chr8	9158600	9159200	0.6578947368421053
chr8	9783200	9785600	0.25068493150684934
chr8	10756200	10756800	0.5576923076923077
chr8	12238400	12239000	0.5727848101265823
chr8	12746200	12746800	0.0
chr8	12969200	12970200	0.20058997050147492
chr8	13268200	13269000	0.8690476190476191
chr8	13746400	13749600	0.05267489711934156
chr8	14822300	14823000	0.6885813148788927
chr8	15095200	15095800	0.4075
chr8	15154400	15155200	0.4078014184397163
chr8	17190200	17191000	0.447178002894356
chr8	18264800	18265400	0.5036764705882353
chr8	19314400	19315200	0.1308139534883721
chr8	19529400	19530000	0.23783783783783785
chr8	20129200	20129800	0.44562899786780386
chr8	21272000	21273000	0.21683673469387754
chr8	21359200	21359800	0.30612244897959184
chr8	21602100	21602700	0.49280575539568344
chr8	21711200	21711800	0.4797507788161994
chr8	22052800	22053400	0.2
chr8	22535200	22535800	0.8269230769230769
chr8	28619400	28620200	0.4871244635193133
chr8	28904000	28904800	0.3035439137134052
chr8	33487600	33488200	0.16923076923076924
chr8	35089400	35090000	0.29523809523809524
chr8	36304400	36305000	0.4688995215311005
chr8	38287400	38288000	0.5379746835443038
chr8	38950000	38950600	0.3116279069767442
chr8	39729600	39730400	0.49950641658440276
chr8	40844000	40844600	0.45930232558139533
chr8	40883200	40884000	0.37549407114624506
chr8	43977400	43978200	0.45187165775401067
chr8	45023400	45025600	0.7484008528784648
chr8	45039900	45041000	0.7622841965471447
chr8	46158800	46159600	0.12626262626262627
chr8	46378400	46379200	0.33387888707037644
chr8	48228300	48229400	0.5609573672400897
chr8	48235600	48236200	0.4485294117647059
chr8	48276100	48276900	0.6933638443935927
chr8	49981600	49983000	0.29039145907473307
chr8	52061200	52062000	0.35507246376811596
chr8	52657600	52658200	0.358974358974359
chr8	54317200	54317800	0.5853658536585366
chr8	55395200	55396000	0.3716475095785441
chr8	57503800	57504400	0.5
chr8	62330800	62331400	0.37058823529411766
chr8	63683000	63683800	0.4476987447698745
chr8	65184600	65185300	0.5460829493087558
chr8	65305400	65306000	0.3474576271186441
chr8	67781800	67782400	0.38910505836575876
chr8	68847800	68848400	0.5052356020942408
chr8	70375500	70378200	0.5827107790821772
chr8	73962000	73962600	0.5642201834862385
chr8	78588200	78590000	0.7758620689655172
chr8	79315000	79315600	0.1676300578034682
chr8	80521400	80522000	0.16666666666666666
chr8	81195800	81196400	0.5764705882352941
chr8	83479600	83480200	0.1963882618510158
chr8	84994600	84995200	0.44866920152091255
chr8	85510000	85510600	0.6505681818181818
chr8	91409000	91410200	0.6721504112808461
chr8	93298600	93299400	0.49585406301824214
chr8	95293000	95294200	0.3119834710743802
chr8	96507200	96507800	0.4778481012658228
chr8	98698700	98699900	0.23304562268803947
chr8	99466000	99466800	0.23636363636363636
chr8	101710600	101711400	0.27848101265822783
chr8	102147200	102148800	0.2666068222621185
chr8	102365300	102366000	0.30980392156862746
chr8	102953400	102954000	0.14427860696517414
chr8	106424800	106425700	0.7245179063360881
chr8	110087400	110090000	0.8176470588235294
chr8	110108000	110110200	0.14206896551724138
chr8	112483800	112484400	0.3070362473347548
chr8	113035200	113035800	0.16083916083916083
chr8	119372800	119373600	0.352
chr8	120338000	120339800	0.7470588235294118
chr8	120611600	120612200	0.8
chr8	121045200	121045800	0.18421052631578946
chr8	122260800	122267200	0.6697029702970297
chr8	122860600	122867200	0.7918627179629117
chr8	123420800	123421600	0.6341127922971114
chr8	124679400	124684800	0.7502021018593371
chr8	125753000	125754000	0.7425431711145997
chr8	129102200	129102800	0.5454545454545454
chr9	3501400	3502000	0.607773851590106
chr9	3807600	3808300	0.38645418326693226
chr9	5057400	5058000	0.3967391304347826
chr9	5364800	5365400	0.5133495145631068
chr9	5396600	5397400	0.43699731903485256
chr9	5642300	5643600	0.7453874538745388
chr9	6073200	6073800	0.43944636678200694
chr9	8477400	8478000	0.5175438596491229
chr9	9331800	9334200	0.2742200328407225
chr9	11341800	11342400	0.5425531914893617
chr9	13743800	13744600	0.5409090909090909
chr9	18796600	18797400	0.4430693069306931
chr9	19288400	19289000	0.3696612665684831
chr9	19928000	19928600	0.3942857142857143
chr9	22090600	22091200	0.19473684210526315
chr9	23608000	23609000	0.335016835016835
chr9	24706400	24707800	0.1782178217821782
chr9	26751400	26752000	0.7614678899082569
chr9	27333100	27335600	0.6253196930946292
chr9	29705800	29706400	0.05555555555555555
chr9	30830000	30830800	0.12
chr9	31734800	31735400	0.4673721340388007
chr9	32321800	32322600	0.6218487394957983
chr9	39029000	39029600	0.2907801418439716
chr9	40040600	40041200	0.44136807817589574
chr9	40207400	40208000	0.4125
chr9	41976600	41977200	0.2702702702702703
chr9	44121200	44121800	0.164
chr9	57840900	57841600	0.38769230769230767
chr9	60539100	60540200	0.36909871244635195
chr9	75709000	75709600	0.40498442367601245
chr9	75978800	75979400	0.3527054108216433
chr9	76689400	76690000	0.5747126436781609
chr9	77473400	77474000	0.6794258373205742
chr9	78931800	78932400	0.5052631578947369
chr9	79540600	79543600	0.30903790087463556
chr9	84852000	84852600	0.424812030075188
chr9	88001800	88002400	0.539568345323741
chr9	89469200	89469800	0.6268656716417911
chr9	89879400	89882000	0.17993079584775087
chr9	93049600	93050600	0.6700507614213198
chr9	96665400	96667400	0.4426229508196721
chr9	98348600	98350200	0.4507936507936508
chr9	99599800	99600400	0.40782122905027934
chr9	101448400	101449000	0.7605633802816901
chr9	103721000	103721600	0.7131147540983607
chr9	114033600	114034400	0.2650103519668737
chr9	121040800	121042500	0.7484900776531492
