chr1	3878000	3878600	0.631578947368421
chr1	4921800	4922400	0.7142857142857143
chr1	5040400	5041000	0.45985401459854014
chr1	5047000	5047600	0.12714776632302405
chr1	5071800	5073000	0.021220159151193633
chr1	5423200	5423800	0.9021739130434783
chr1	6012800	6013400	0.5114155251141552
chr1	10805000	10806000	0.9603174603174603
chr1	13514300	13515200	0.3026315789473684
chr1	15020200	15020800	0.30677290836653387
chr1	15862300	15863000	0.37579617834394907
chr1	15917600	15918200	0.13229571984435798
chr1	16711600	16713700	0.3617886178861789
chr1	17239200	17240000	0.13043478260869565
chr1	17685600	17686400	0.7512953367875648
chr1	17903400	17904200	0.49775112443778113
chr1	19009200	19009800	0.4774774774774775
chr1	19398600	19399200	0.29723502304147464
chr1	22061000	22061600	0.45689655172413796
chr1	22158000	22158600	0.4537037037037037
chr1	30165400	30166000	0.3854748603351955
chr1	30573800	30576000	0.2937062937062937
chr1	31300800	31301400	0.37962962962962965
chr1	31383800	31384400	0.5511811023622047
chr1	31454200	31454900	0.7378640776699029
chr1	33407400	33408200	0.30303030303030304
chr1	35896400	35899200	0.3852097130242826
chr1	37200400	37201000	0.1744186046511628
chr1	37874900	37875800	0.9550561797752809
chr1	38299200	38299800	0.5222222222222223
chr1	38315200	38315800	0.8394160583941606
chr1	39519200	39519800	0.2826086956521739
chr1	40014000	40014600	0.9568965517241379
chr1	40457800	40458600	0.21136363636363636
chr1	41071800	41072400	0.27586206896551724
chr1	41213600	41214200	0.2283464566929134
chr1	41467800	41468400	0.19202898550724637
chr1	46473200	46473800	0.9378238341968912
chr1	46501400	46502000	0.9629629629629629
chr1	48466800	48469000	0.15015479876160992
chr1	49417700	49419400	0.3018292682926829
chr1	49474400	49475200	0.48614609571788414
chr1	49834000	49834600	0.7338709677419355
chr1	52991800	52992400	0.926605504587156
chr1	57542000	57542600	0.1702127659574468
chr1	60901000	60901600	0.1174785100286533
chr1	63198700	63201000	0.9024390243902439
chr1	65417600	65418600	0.47737909516380655
chr1	65570600	65571200	0.267515923566879
chr1	69831400	69832000	0.498015873015873
chr1	72380000	72382000	0.8701754385964913
chr1	76311900	76312600	0.5141065830721003
chr1	83446600	83447200	0.20707070707070707
chr1	83673000	83673600	0.06635071090047394
chr1	84685800	84689600	0.3044280442804428
chr1	84973800	84974400	0.4225352112676056
chr1	88265800	88266600	0.7700534759358288
chr1	89143500	89146000	0.9423286180631121
chr1	89887400	89888000	0.9821428571428571
chr1	91356900	91357600	0.9593023255813954
chr1	92527000	92528600	0.44881889763779526
chr1	92847600	92850800	0.893970893970894
chr1	92919000	92920200	0.9655688622754491
chr1	96115400	96116000	0.18181818181818182
chr1	98110000	98110800	0.32269503546099293
chr1	100986200	100987200	0.6053412462908012
chr1	101040000	101040600	0.29394812680115273
chr1	101291200	101291800	0.625
chr1	102111200	102111800	0.912621359223301
chr1	103746300	103747600	0.8063063063063063
chr1	106637600	106638200	0.875
chr1	109251200	109251800	0.38341968911917096
chr1	112331800	112332600	0.7168674698795181
chr1	117089200	117091200	0.5426621160409556
chr1	118864600	118865200	0.8852459016393442
chr1	120994000	120994600	0.2826855123674912
chr1	125096800	125097400	0.32608695652173914
chr1	129436400	129437200	0.29120879120879123
chr1	130199400	130200200	0.6870229007633588
chr1	130685800	130686800	0.6024305555555556
chr1	131736200	131736800	0.9470198675496688
chr1	133729400	133732000	0.9795275590551181
chr1	139975800	139976400	0.9753086419753086
chr1	145807400	145808000	0.20652173913043478
chr1	147592000	147592600	0.56
chr1	148131400	148132000	0.4672897196261682
chr1	154472000	154472600	0.8370786516853933
chr1	164224800	164226600	0.7123287671232876
chr1	165655400	165657400	0.9279661016949152
chr1	169112800	169113600	0.38819523269012485
chr1	172541000	172541600	0.9494949494949495
chr1	173988000	173988600	0.1864406779661017
chr1	174787200	174788000	0.694949494949495
chr1	181713600	181715600	0.4603174603174603
chr1	182872200	182872800	0.31746031746031744
chr1	183357000	183359000	0.9400921658986175
chr1	185076400	185077000	0.4957983193277311
chr1	187337800	187338400	0.9719626168224299
chr1	187392600	187393800	0.25841346153846156
chr1	189460000	189460600	0.8928571428571429
chr10	3446900	3447600	0.876
chr10	4794400	4795000	0.9337349397590361
chr10	5963000	5963800	0.33935018050541516
chr10	6221200	6222000	0.8153409090909091
chr10	6514400	6515200	0.5826235093696763
chr10	10593200	10594500	0.3886255924170616
chr10	13089600	13092100	0.9398563734290843
chr10	13127000	13128000	0.9078156312625251
chr10	18531400	18532000	1.0
chr10	18716200	18717000	0.9310344827586207
chr10	20294400	20295000	0.6407766990291263
chr10	23480800	23481600	0.22916666666666666
chr10	23501000	23501600	0.22142857142857142
chr10	23659200	23660000	0.48502994011976047
chr10	25026800	25027400	0.15833333333333333
chr10	28907300	28908100	0.6735112936344969
chr10	29076800	29077400	0.5714285714285714
chr10	29723800	29724400	0.3021276595744681
chr10	30058200	30058800	0.32867132867132864
chr10	31080600	31081200	0.624
chr10	32527600	32528200	0.14736842105263157
chr10	33685800	33688200	0.6883561643835616
chr10	38224200	38225000	0.4355300859598854
chr10	39140800	39142800	0.900398406374502
chr10	40050400	40051000	0.6373239436619719
chr10	40645900	40648000	0.0847457627118644
chr10	47219600	47221800	0.4026258205689278
chr10	47732800	47733400	0.6106666666666667
chr10	48290800	48291500	0.4852459016393443
chr10	50447000	50447600	0.2
chr10	51444400	51445100	0.5679012345679012
chr10	52114600	52115200	0.29283489096573206
chr10	52502800	52503400	0.4583333333333333
chr10	53194600	53195200	0.7571428571428571
chr10	60305800	60306400	0.9585798816568047
chr10	62367200	62368000	0.3449612403100775
chr10	63076000	63076800	0.47368421052631576
chr10	64622000	64623800	0.5516014234875445
chr10	68035600	68036800	0.8710280373831776
chr10	68243700	68245800	0.45878136200716846
chr10	69986200	69993500	0.9725619834710744
chr10	72690600	72691400	0.420863309352518
chr10	74243200	74244000	0.8743961352657005
chr10	78905400	78906000	0.9333333333333333
chr10	81799400	81802600	0.4786036036036036
chr10	81958200	81961900	0.4318429661941112
chr10	83652200	83652800	0.23316062176165803
chr10	83844200	83844800	0.6640625
chr10	85211000	85211600	0.544
chr10	85658000	85658800	0.9019607843137255
chr10	86848400	86849000	0.8404255319148937
chr10	88625000	88625800	0.5
chr10	90471400	90474000	0.3987635239567233
chr10	91585200	91587000	0.2684729064039409
chr10	97541600	97542200	0.8060836501901141
chr10	98090200	98090800	0.203125
chr10	98794200	98794800	0.028925619834710745
chr10	100646400	100647000	0.32954545454545453
chr10	101423600	101424200	0.4057971014492754
chr10	101923600	101924200	0.2909090909090909
chr10	102323500	102324200	0.29411764705882354
chr10	103518600	103519200	0.25517241379310346
chr10	112812200	112813000	0.26054590570719605
chr10	116455400	116456200	0.1118421052631579
chr10	119498200	119498800	0.8552631578947368
chr10	121266700	121267800	0.9714285714285714
chr10	122815000	122815700	0.9402985074626866
chr10	129816400	129818600	0.3253333333333333
chr10	130201000	130201600	0.5862068965517241
chr10	130473200	130473800	0.5100401606425703
chr11	3133600	3136000	0.6840296139608673
chr11	4013200	4016200	0.7363636363636363
chr11	5202200	5204000	0.9504504504504504
chr11	5457100	5458400	0.9074074074074074
chr11	5535400	5536000	0.9920634920634921
chr11	5808000	5809800	0.4094650205761317
chr11	7401600	7402200	0.8928571428571429
chr11	8399600	8400200	0.06896551724137931
chr11	10216800	10217400	0.8142857142857143
chr11	10674000	10674800	0.4069767441860465
chr11	12025200	12027200	0.8216374269005848
chr11	12905800	12906600	0.7039106145251397
chr11	13351600	13352200	0.6470588235294118
chr11	15729200	15730000	0.3013698630136986
chr11	16048800	16049600	0.24347826086956523
chr11	16358800	16359600	0.23430962343096234
chr11	17098800	17099400	0.1650485436893204
chr11	17912800	17913400	0.8387096774193549
chr11	19720600	19721200	0.7477064220183486
chr11	20017200	20023800	0.9378531073446328
chr11	25080000	25080600	0.9597701149425287
chr11	25370200	25371000	0.5625
chr11	29580200	29580800	0.8558558558558559
chr11	30318200	30319200	0.46436781609195404
chr11	32209400	32210400	0.9638989169675091
chr11	35875400	35876000	0.9824561403508771
chr11	40634000	40634600	0.2222222222222222
chr11	40650200	40652200	0.5042735042735043
chr11	42908400	42909000	0.6612903225806451
chr11	45769600	45770200	0.31750741839762614
chr11	48744600	48745200	0.5838509316770186
chr11	51941800	51944000	0.08888888888888889
chr11	53578600	53580200	0.9691780821917808
chr11	53966000	53966600	0.4396551724137931
chr11	55252000	55254000	0.6530612244897959
chr11	58316100	58317600	0.9006211180124224
chr11	58708800	58709600	0.30327868852459017
chr11	67219000	67221200	0.9083094555873925
chr11	68604000	68604600	0.2703583061889251
chr11	69825200	69827600	0.07391304347826087
chr11	83217600	83218400	0.10029498525073746
chr11	88664600	88665200	0.6666666666666666
chr11	89909800	89910600	0.4597014925373134
chr11	92129100	92131600	0.46794338051623646
chr11	92249400	92250000	0.3287671232876712
chr11	92862000	92862600	0.8904593639575972
chr11	94745400	94746000	0.025423728813559324
chr11	95763400	95764200	0.9946524064171123
chr11	95854800	95855400	0.0759493670886076
chr11	99824700	99826600	0.2978382706164932
chr11	101398800	101399500	0.37809187279151946
chr11	101740000	101740600	0.888
chr11	103805000	103805600	0.021739130434782608
chr11	107724200	107724800	0.746031746031746
chr11	108039600	108040500	0.8587786259541985
chr11	108061800	108062800	0.9752321981424149
chr11	114566000	114566600	0.9196428571428571
chr11	115062400	115063000	0.28125
chr11	117898200	117899500	0.5191256830601093
chr11	118079400	118081800	0.9657142857142857
chr11	118387600	118388200	0.736
chr11	118861600	118862200	0.6538461538461539
chr11	120116600	120117200	0.9242424242424242
chr12	3108400	3109000	0.5416666666666666
chr12	5094600	5096700	0.9367088607594937
chr12	10832800	10833400	0.5891891891891892
chr12	10999200	11000000	0.3870967741935484
chr12	13434400	13437400	0.9366883116883117
chr12	13662000	13662600	0.43524416135881105
chr12	17215600	17216200	0.7819548872180451
chr12	17786000	17786800	0.9484536082474226
chr12	18259400	18260000	0.7433628318584071
chr12	23907000	23907600	0.6244897959183674
chr12	24084300	24085200	0.6449468085106383
chr12	24141200	24141800	0.7478260869565218
chr12	32926600	32927200	0.9735449735449735
chr12	33364200	33365600	0.7075208913649025
chr12	37602800	37603400	0.9896907216494846
chr12	38048000	38049200	0.3417085427135678
chr12	42598600	42599200	0.775
chr12	42666600	42667200	0.1564245810055866
chr12	43567600	43571000	0.3728813559322034
chr12	46252400	46255000	0.44922341696535245
chr12	47329400	47331200	0.43545279383429675
chr12	47983600	47984200	0.13043478260869565
chr12	48554600	48555200	0.6111111111111112
chr12	54565200	54565800	0.9252669039145908
chr12	56644000	56646000	0.06547619047619048
chr12	58601600	58602200	0.4794007490636704
chr12	58770000	58770600	0.39651416122004357
chr12	58863600	58864200	0.9634703196347032
chr12	59652000	59652600	0.7041420118343196
chr12	61628600	61629200	0.3723404255319149
chr12	66200800	66201800	0.12171837708830549
chr12	68701000	68701600	0.5753424657534246
chr12	74125800	74126600	0.9924812030075187
chr12	74367200	74367800	0.20353982300884957
chr12	74807600	74808400	0.6205533596837944
chr12	80168000	80172000	0.9643652561247216
chr12	81372200	81373300	0.8317307692307693
chr12	81772600	81773200	0.9941860465116279
chr12	82565600	82566600	0.1242603550295858
chr12	84994000	84994600	0.69
chr12	85519000	85519600	0.10071942446043165
chr12	90476600	90477200	0.3333333333333333
chr12	91811400	91812000	0.995049504950495
chr12	95249200	95249800	0.3333333333333333
chr12	96138800	96141600	0.44388398486759145
chr12	96865000	96865600	0.1267605633802817
chr12	98612800	98613800	0.17407407407407408
chr12	99148000	99148800	0.308300395256917
chr12	99732800	99733400	0.9830508474576272
chr12	99817800	99818400	0.9623529411764706
chr12	104567100	104568600	0.9741100323624595
chr12	109264800	109265400	0.7834394904458599
chr12	109526400	109528800	0.0071315372424722665
chr12	109870300	109871600	0.8295454545454546
chr12	112020100	112021200	0.6992665036674817
chr12	113127400	113128000	0.9782608695652174
chr12	119772600	119773200	0.0963855421686747
chr13	3102500	3103500	0.5247524752475248
chr13	3138600	3140000	0.9397363465160076
chr13	3162700	3163300	0.14666666666666667
chr13	6184000	6184800	0.37969924812030076
chr13	6846200	6846800	0.17391304347826086
chr13	8441400	8442000	0.5497382198952879
chr13	10301800	10302400	0.7557251908396947
chr13	12956200	12957000	0.5306748466257669
chr13	13047000	13047600	0.7466666666666667
chr13	14400800	14402600	0.618860510805501
chr13	14781200	14782700	0.5989304812834224
chr13	14852000	14852600	0.28517110266159695
chr13	15887000	15887600	0.16023738872403562
chr13	16622000	16622600	0.43636363636363634
chr13	17821000	17821600	0.2
chr13	18045600	18046200	0.9047619047619048
chr13	18740600	18741200	0.9454545454545454
chr13	19439000	19439600	0.5478927203065134
chr13	21650400	21652400	0.3613595706618962
chr13	22173600	22174200	0.6274509803921569
chr13	22282900	22283600	0.17094017094017094
chr13	23329200	23329800	0.38461538461538464
chr13	23375600	23376200	0.3987341772151899
chr13	29541800	29542400	0.9252873563218391
chr13	31738400	31739000	0.503448275862069
chr13	33853000	33853600	0.5625
chr13	33882800	33883400	0.9596774193548387
chr13	34140400	34142000	0.3704545454545455
chr13	34470600	34471400	0.3907563025210084
chr13	36828200	36828800	0.5041322314049587
chr13	41058200	41058800	0.24199288256227758
chr13	41311600	41312200	0.9875
chr13	41787400	41788000	0.5080385852090032
chr13	41930600	41931200	0.3780487804878049
chr13	42156600	42159100	0.967741935483871
chr13	45566600	45568000	0.9215017064846417
chr13	47009200	47011400	0.9165009940357853
chr13	48585800	48587200	0.8914285714285715
chr13	51086600	51087200	0.5607476635514018
chr13	52905700	52908000	0.9429429429429429
chr13	53555800	53558000	0.17073170731707318
chr13	64931800	64932600	0.15503875968992248
chr13	65323800	65324600	0.765625
chr13	66473000	66473600	0.2997601918465228
chr13	71381200	71382000	0.28697850821744625
chr13	74417600	74419200	0.17875647668393782
chr13	76478000	76478600	0.6923076923076923
chr13	78261000	78261600	0.20625
chr13	84536800	84538400	0.09210526315789473
chr13	85329200	85330200	0.21897810218978103
chr13	86305500	86306100	0.3242424242424242
chr13	96707800	96708600	0.575107296137339
chr13	99324200	99324800	0.7551020408163265
chr13	100223900	100225200	0.318561872909699
chr13	102736600	102737800	0.7873134328358209
chr13	107432000	107433000	0.2564102564102564
chr13	110020000	110020600	0.9595141700404858
chr13	111755400	111756100	0.9431818181818182
chr13	112349600	112350200	0.18032786885245902
chr13	116837000	116837600	0.7277777777777777
chr14	3278200	3280200	0.41810344827586204
chr14	5993400	5994200	0.18382352941176472
chr14	6235800	6236500	0.36075949367088606
chr14	10274200	10274800	0.7471264367816092
chr14	10954800	10955400	0.697986577181208
chr14	13933000	13934000	0.4117647058823529
chr14	14243400	14244400	0.11830357142857142
chr14	14248400	14249200	0.1650943396226415
chr14	14582200	14582800	0.16907216494845362
chr14	16907600	16908200	0.5365853658536586
chr14	17005600	17006400	0.7136563876651982
chr14	17320600	17321200	0.5435034802784223
chr14	25531800	25532400	0.9435483870967742
chr14	27576800	27577400	0.9767441860465116
chr14	32863400	32864000	0.03076923076923077
chr14	37942800	37943600	0.38509316770186336
chr14	44223200	44223800	0.16666666666666666
chr14	52874400	52875000	0.9826086956521739
chr14	53895800	53896400	0.34408602150537637
chr14	60759200	60762000	0.9617391304347827
chr14	62952800	62953400	0.9252336448598131
chr14	63462100	63462800	1.0
chr14	68120200	68122000	0.09259259259259259
chr14	68811400	68813200	0.37170263788968827
chr14	69244400	69245400	0.9578454332552693
chr14	72037400	72038200	0.3286384976525822
chr14	72442800	72443400	0.1223021582733813
chr14	82893200	82894000	0.07048458149779736
chr14	90345400	90346200	0.4835164835164835
chr14	91819000	91819600	0.503125
chr14	92410000	92412400	0.43559718969555034
chr14	97116400	97117200	0.5612244897959183
chr14	99649200	99649800	0.5
chr14	101198200	101198800	0.2894736842105263
chr14	102131000	102131600	0.2962962962962963
chr14	104986800	104987400	0.47845804988662133
chr14	106003600	106005400	0.49282296650717705
chr14	107465600	107466200	0.22772277227722773
chr14	108647500	108650000	0.7201426024955436
chr14	109011000	109012600	0.6580645161290323
chr14	110553000	110553600	0.8888888888888888
chr14	112083000	112083800	0.3787878787878788
chr14	112216000	112216600	0.036036036036036036
chr14	112396000	112397000	0.44984802431610943
chr14	118489000	118490600	0.8829981718464351
chr14	118515200	118515800	0.8531073446327684
chr14	118879000	118880900	0.9104477611940298
chr14	120195800	120196400	0.2430939226519337
chr14	121233700	121234500	0.8983050847457628
chr14	123821000	123821600	0.2911694510739857
chr15	3118800	3119400	0.427536231884058
chr15	3156600	3157200	0.6351351351351351
chr15	3887600	3888400	0.5121951219512195
chr15	4607800	4608400	0.21428571428571427
chr15	6680000	6683800	0.19930313588850174
chr15	9557000	9557800	0.15263157894736842
chr15	9643400	9644000	0.06091370558375635
chr15	16309200	16309800	0.3356164383561644
chr15	18125500	18127800	0.54932502596054
chr15	19403100	19404600	0.5477582846003899
chr15	21875600	21876200	0.2676470588235294
chr15	21889600	21890900	0.5526315789473685
chr15	22487800	22488600	0.3348623853211009
chr15	23823800	23825200	0.5066666666666667
chr15	24648400	24649000	0.3612167300380228
chr15	27025200	27025800	0.9453376205787781
chr15	29737000	29737600	0.17142857142857143
chr15	33269600	33270400	0.5223300970873787
chr15	33867400	33868200	0.5921052631578947
chr15	36483300	36483900	0.921875
chr15	37759300	37760200	0.673202614379085
chr15	49279800	49282800	0.46360759493670883
chr15	50572400	50573200	0.6282722513089005
chr15	52845000	52845600	0.29850746268656714
chr15	57413200	57414000	0.2956989247311828
chr15	57822000	57823800	0.9752066115702479
chr15	60172000	60172600	0.46296296296296297
chr15	65268200	65271100	0.30952380952380953
chr15	67911000	67912000	0.3912037037037037
chr15	68180400	68181000	0.8897243107769424
chr15	68368200	68368800	0.14
chr15	72806600	72811400	0.9638386648122392
chr15	75013000	75013600	0.4605263157894737
chr15	75031000	75032600	0.3339449541284404
chr15	75040400	75041000	0.3179916317991632
chr15	75523400	75524000	0.24102564102564103
chr15	79258200	79262300	0.06289308176100629
chr15	83698800	83701200	0.11591962905718702
chr15	83791800	83792600	0.8616071428571429
chr15	86549000	86549600	0.48936170212765956
chr15	86568400	86569000	0.9763313609467456
chr15	92767200	92768000	0.8636363636363636
chr15	97058500	97059600	0.9927007299270073
chr15	97486400	97487200	0.8971428571428571
chr15	97793400	97794200	0.8789808917197452
chr15	99867200	99869100	1.0
chr15	101063600	101064200	0.9561752988047809
chr15	101194600	101195200	0.967741935483871
chr15	103888600	103889200	0.36633663366336633
chr16	4858200	4860000	0.315359477124183
chr16	5525000	5525600	0.6538461538461539
chr16	14878400	14879000	0.4398148148148148
chr16	15434000	15434600	0.9425287356321839
chr16	18083400	18084000	1.0
chr16	19069700	19070400	0.6597938144329897
chr16	21028200	21028800	0.7637795275590551
chr16	21612800	21613600	1.0
chr16	25190700	25191400	0.43956043956043955
chr16	28621800	28622800	0.4235294117647059
chr16	28853800	28857000	0.2892416225749559
chr16	31050400	31051000	0.8636363636363636
chr16	31156000	31156900	0.9628571428571429
chr16	42003200	42003800	0.7820224719101123
chr16	42657000	42657600	0.9117647058823529
chr16	44473800	44474400	0.2894736842105263
chr16	45055800	45056600	0.5976331360946746
chr16	46362400	46363600	0.519434628975265
chr16	47187800	47188400	0.8835978835978836
chr16	47300600	47301400	0.4824742268041237
chr16	48267800	48268400	0.15384615384615385
chr16	48497000	48498000	0.2601880877742947
chr16	50773400	50775600	0.3333333333333333
chr16	52707000	52707600	0.08585858585858586
chr16	53192400	53193000	0.10915492957746478
chr16	54003000	54003800	0.2560240963855422
chr16	54507400	54508000	0.8169014084507042
chr16	56038600	56042000	0.34580645161290324
chr16	57878200	57878800	0.8849557522123894
chr16	58249400	58250000	0.3237410071942446
chr16	60884000	60884800	0.5464684014869888
chr16	62345000	62345800	0.4574780058651026
chr16	64572200	64573200	0.6421725239616614
chr16	65031600	65033000	0.649016641452345
chr16	67391000	67391600	0.36395759717314485
chr16	68529200	68530000	0.7433962264150943
chr16	69163200	69164200	0.6616702355460385
chr16	70947400	70948000	0.2119460500963391
chr16	71976000	71976800	0.4673913043478261
chr16	76403200	76403800	0.9141414141414141
chr16	77814600	77815400	0.23769507803121248
chr16	77938000	77938600	0.527972027972028
chr16	80268100	80269500	0.5257270693512305
chr16	85644000	85644600	0.9907407407407407
chr16	88754800	88755400	0.19170984455958548
chr16	89963100	89964600	0.9216944801026957
chr16	90049600	90050200	0.9607843137254902
chr16	91456200	91457800	0.4198174706649283
chr16	91990700	91991600	0.24786324786324787
chr16	94832800	94833400	0.9938461538461538
chr16	95718800	95719400	0.95
chr16	95815600	95816200	0.7222222222222222
chr16	97352000	97352800	0.42455242966751916
chr17	4339800	4340400	0.5106382978723404
chr17	6739400	6741400	0.5911949685534591
chr17	8001000	8006000	0.8761061946902655
chr17	10974200	10974800	0.773851590106007
chr17	12741200	12743000	0.9866310160427807
chr17	14013600	14014600	0.2958579881656805
chr17	16625000	16625600	0.6237373737373737
chr17	17274800	17275400	0.8596491228070176
chr17	18841600	18842400	0.3754152823920266
chr17	19042400	19043000	0.4334763948497854
chr17	20143500	20144700	0.6012084592145015
chr17	20570800	20571400	0.9764705882352941
chr17	22055800	22058800	0.38354577056778677
chr17	22623600	22624400	0.12650602409638553
chr17	23908000	23909000	0.23504273504273504
chr17	30499400	30500000	0.9261744966442953
chr17	32016400	32017000	1.0
chr17	32069800	32070400	0.25
chr17	32587400	32588000	0.956081081081081
chr17	34044400	34046400	1.0
chr17	34398600	34399400	0.9789473684210527
chr17	35281200	35282600	0.4061990212071778
chr17	35363400	35364000	0.43243243243243246
chr17	37730800	37731600	0.8168498168498168
chr17	38897600	38898200	0.36666666666666664
chr17	38982200	38983200	0.5393939393939394
chr17	40645600	40646200	0.7567567567567568
chr17	41603400	41604000	0.9387755102040817
chr17	45196600	45197200	0.5764705882352941
chr17	49281200	49281800	1.0
chr17	50177600	50178200	0.2722222222222222
chr17	52988400	52989000	0.19313304721030042
chr17	53983800	53985100	0.4260869565217391
chr17	54552000	54552600	0.29577464788732394
chr17	55557800	55558400	0.41454545454545455
chr17	60275600	60276200	0.8387096774193549
chr17	60745600	60746300	0.7983193277310925
chr17	62402200	62402800	0.5201793721973094
chr17	67811100	67813100	0.9425287356321839
chr17	69285900	69289200	0.9645061728395061
chr17	73827000	73830400	0.938255033557047
chr17	77797600	77798200	0.5340909090909091
chr17	84629600	84630200	0.5208333333333334
chr17	85737200	85738000	0.20512820512820512
chr17	87133600	87135200	0.7367624810892587
chr17	90478800	90479600	0.35406698564593303
chr17	91271800	91272800	0.44787644787644787
chr17	91359200	91359800	0.3698630136986301
chr17	92040600	92041200	0.14457831325301204
chr17	92103600	92104400	0.2222222222222222
chr17	92997800	92998400	0.9619565217391305
chr17	93403900	93404600	0.4057971014492754
chr17	94500800	94501400	0.42857142857142855
chr18	3227200	3227800	0.6820809248554913
chr18	3711600	3712200	0.7482014388489209
chr18	3873200	3875200	0.4261275272161742
chr18	7274200	7275000	0.8904109589041096
chr18	7771200	7771800	0.14444444444444443
chr18	7816800	7817400	0.6605504587155964
chr18	11746600	11747400	0.34615384615384615
chr18	12972600	12974800	0.9625
chr18	13172800	13173400	0.4006734006734007
chr18	15988800	15992800	0.5336617405582923
chr18	16288800	16289400	0.49809885931558934
chr18	17352300	17353300	0.3465346534653465
chr18	24705600	24706200	0.23557692307692307
chr18	32877000	32877600	0.8232323232323232
chr18	35528400	35529000	0.06756756756756757
chr18	36850600	36853400	0.2400990099009901
chr18	38359200	38359800	0.27450980392156865
chr18	44698400	44699000	0.7241379310344828
chr18	46317400	46318200	0.0949367088607595
chr18	50090200	50090800	0.9566787003610109
chr18	54158800	54159400	0.08333333333333333
chr18	58804200	58804800	0.24316334072431633
chr18	58853400	58854200	0.24310344827586206
chr18	59357400	59358200	0.22429906542056074
chr18	60412200	60412800	0.3709677419354839
chr18	61358000	61358600	0.8768115942028986
chr18	69159200	69159900	0.6127167630057804
chr18	70509000	70510600	0.9308035714285714
chr18	70705800	70706400	1.0
chr18	71209100	71209900	0.37333333333333335
chr18	74151100	74151800	0.81
chr18	77207800	77208400	0.0196078431372549
chr18	77368800	77369400	0.27314814814814814
chr18	79933000	79934400	0.3620689655172414
chr18	83134800	83135600	0.9646017699115044
chr18	87160400	87161400	0.25071225071225073
chr18	87695600	87696200	0.20454545454545456
chr18	89407600	89408200	0.3717277486910995
chr18	90429800	90430800	0.3114241001564945
chr18	90559000	90560400	0.1130952380952381
chr19	5406200	5407000	0.5038167938931297
chr19	5861400	5862600	0.8254817987152034
chr19	7859800	7860400	0.5064935064935064
chr19	8032600	8034200	0.6821515892420538
chr19	8276800	8277400	0.7115384615384616
chr19	8323800	8324400	0.42
chr19	9375000	9375600	0.9051724137931034
chr19	9717600	9718200	0.5365853658536586
chr19	10425000	10425700	0.8191489361702128
chr19	11670400	11671000	0.8333333333333334
chr19	12543800	12545200	0.1331521739130435
chr19	13159600	13160200	0.4585152838427948
chr19	19241200	19241800	0.2358490566037736
chr19	19508600	19509300	0.39325842696629215
chr19	20754600	20755200	0.31596091205211724
chr19	21248000	21248600	0.460093896713615
chr19	24970000	24970800	0.3263157894736842
chr19	25426800	25428400	0.9054726368159204
chr19	25819200	25819800	0.25
chr19	26897200	26897800	0.8067226890756303
chr19	31722600	31724200	0.3320079522862823
chr19	39157000	39157800	0.40591397849462363
chr19	43738000	43738700	0.8754716981132076
chr19	44712800	44713600	0.16265060240963855
chr19	46579800	46581000	0.924924924924925
chr19	47896200	47898300	0.9619181946403385
chr19	51469400	51470000	0.13580246913580246
chr19	51701200	51701800	0.2690909090909091
chr19	51955200	51955800	0.34731543624161076
chr19	53580200	53580800	0.717948717948718
chr19	54911600	54912200	0.36423841059602646
chr19	55593200	55593900	0.9170506912442397
chr19	55628000	55630600	0.9192751235584844
chr19	55931400	55932000	1.0
chr19	56231600	56232200	0.7635135135135135
chr19	56326000	56326800	0.9162011173184358
chr19	57378400	57381600	0.9306071871127634
chr19	57437000	57439600	0.12885154061624648
chr19	58706400	58707200	0.16666666666666666
chr19	58799200	58800700	0.9958333333333333
chr19	61207600	61208200	0.6301369863013698
chr2	7509100	7509800	0.2636363636363636
chr2	7629900	7630600	0.7125748502994012
chr2	12449200	12450000	0.3418803418803419
chr2	13913200	13913800	0.140625
chr2	15334400	15335000	0.3170289855072464
chr2	15663600	15664400	0.3586387434554974
chr2	16894600	16895200	0.12149532710280374
chr2	19914600	19915400	0.2595419847328244
chr2	21246400	21247000	0.6403508771929824
chr2	22275000	22275600	0.47058823529411764
chr2	24237600	24238200	0.4899328859060403
chr2	26664300	26665100	0.3333333333333333
chr2	28228800	28229800	0.9971910112359551
chr2	36316700	36317400	0.7402597402597403
chr2	36807600	36808400	0.476038338658147
chr2	36964400	36965000	0.5121951219512195
chr2	38568600	38571000	0.6649746192893401
chr2	39704000	39704800	0.32515337423312884
chr2	43071400	43072000	0.5597826086956522
chr2	43329200	43330000	0.7863247863247863
chr2	48227200	48227800	0.9463087248322147
chr2	48784800	48786800	0.5615079365079365
chr2	48853600	48854200	0.8764478764478765
chr2	52338400	52339400	0.4349775784753363
chr2	55999000	55999600	0.6323529411764706
chr2	59817400	59819000	0.9514018691588785
chr2	59843000	59844000	0.9550173010380623
chr2	63397600	63398200	0.35766423357664234
chr2	63805600	63806200	0.8300970873786407
chr2	66736600	66737200	0.47115384615384615
chr2	73010400	73013200	0.1875
chr2	76709800	76713000	0.9561643835616438
chr2	76722900	76725900	0.948626045400239
chr2	78617000	78617600	0.34101382488479265
chr2	85070000	85070600	0.9656862745098039
chr2	85471900	85473100	0.17676767676767677
chr2	88212200	88212800	0.7159090909090909
chr2	89560600	89561200	0.5194805194805194
chr2	95695800	95696400	0.29411764705882354
chr2	98208200	98208800	0.9054054054054054
chr2	98752000	98752600	0.38202247191011235
chr2	107171400	107172000	0.5207373271889401
chr2	108202400	108203200	0.17098445595854922
chr2	110095200	110095800	0.9347826086956522
chr2	111040800	111041400	0.2631578947368421
chr2	111936200	111936800	0.4444444444444444
chr2	116454200	116454800	0.034482758620689655
chr2	125617400	125618000	0.6894736842105263
chr2	127577000	127577700	0.8125
chr2	139476000	139476600	0.32547169811320753
chr2	147672200	147672800	0.275
chr2	148745200	148747200	0.42887931034482757
chr2	149519300	149520000	0.5471698113207547
chr2	152686400	152688000	0.894927536231884
chr2	155987400	155988700	1.0
chr2	156482000	156482600	0.08928571428571429
chr2	156747800	156749200	0.951063829787234
chr2	157557300	157562400	0.9584805653710248
chr2	159345800	159346800	0.42565597667638483
chr2	160753600	160754200	0.92
chr2	162841600	162842200	0.8372093023255814
chr2	163469400	163470200	0.9767441860465116
chr2	164502200	164503000	0.8769230769230769
chr2	165296400	165297800	0.9813218390804598
chr2	165380000	165383600	0.9496124031007752
chr2	165514700	165516300	0.9584905660377359
chr2	166430400	166432600	0.1138353765323993
chr2	166629600	166633200	0.9693396226415094
chr2	168488600	168489600	0.9
chr2	168622800	168624200	0.1657142857142857
chr2	168979600	168980200	1.0
chr2	169764800	169765400	0.8449612403100775
chr2	170504400	170505200	0.9353846153846154
chr2	170891200	170891800	0.16494845360824742
chr2	172001800	172004200	0.3373493975903614
chr2	172291600	172292800	0.06493506493506493
chr2	172895400	172897100	0.823728813559322
chr2	173066600	173067200	0.25384615384615383
chr2	173098000	173098600	0.19607843137254902
chr2	173455400	173456000	0.052109181141439205
chr2	173645800	173647600	0.6746987951807228
chr2	174092200	174092800	0.9622641509433962
chr2	174096800	174099400	0.9746987951807229
chr2	174121800	174122400	0.09025270758122744
chr2	174293700	174301200	0.958444326052211
chr2	174345100	174346600	0.9073569482288828
chr2	176790000	176790600	0.6714285714285714
chr2	177281600	177282200	0.379746835443038
chr2	179179200	179179800	0.9468085106382979
chr2	179298200	179299400	0.6297297297297297
chr2	179605200	179605800	1.0
chr2	181092000	181092600	0.8305084745762712
chr2	181109400	181110000	0.9263157894736842
chr2	181112800	181113400	0.8405797101449275
chr3	5903000	5903600	0.1366120218579235
chr3	6377200	6379100	0.3821138211382114
chr3	7302200	7304800	0.366
chr3	8129400	8130200	0.12030075187969924
chr3	13130200	13131000	0.26605504587155965
chr3	14447200	14448000	0.5982905982905983
chr3	14745400	14746000	0.2222222222222222
chr3	16249900	16250500	0.33874239350912777
chr3	19584400	19585000	0.9444444444444444
chr3	20419000	20419600	0.5
chr3	20854000	20854600	0.4219858156028369
chr3	22284400	22285400	0.6954545454545454
chr3	22954800	22955600	0.5315315315315315
chr3	22961200	22962000	0.25668449197860965
chr3	23314200	23314800	0.6456953642384106
chr3	24810000	24810600	0.7572254335260116
chr3	26601600	26602400	0.8329113924050633
chr3	26906000	26906600	0.6502732240437158
chr3	27258200	27258800	0.09836065573770492
chr3	29719400	29720200	0.6405510116229014
chr3	32313800	32314600	0.4691358024691358
chr3	33479200	33480000	0.1935483870967742
chr3	35171200	35171800	0.25
chr3	36853200	36853800	0.3352272727272727
chr3	38455200	38457200	0.971169686985173
chr3	38626800	38627400	0.39166666666666666
chr3	39173800	39174400	0.34554973821989526
chr3	43491800	43492400	0.41025641025641024
chr3	45578400	45579800	0.25180897250361794
chr3	51264200	51265200	0.9119170984455959
chr3	53323200	53323800	0.9856459330143541
chr3	53721200	53723800	0.34535104364326374
chr3	53888000	53888600	0.06896551724137931
chr3	55102000	55102600	0.0730593607305936
chr3	56009200	56009800	0.8157894736842105
chr3	56853800	56854400	0.35135135135135137
chr3	57869600	57870200	0.6074074074074074
chr3	59689000	59689600	0.5882352941176471
chr3	66112200	66112800	0.3880597014925373
chr3	66268800	66269400	0.5614266842800528
chr3	67775800	67777200	0.4790528233151184
chr3	70745800	70746800	0.4551148225469729
chr3	71225600	71226200	0.2751677852348993
chr3	73863800	73864800	0.20218579234972678
chr3	74864800	74865500	0.2830188679245283
chr3	75715000	75715600	0.28703703703703703
chr3	78249800	78250400	0.84
chr3	87535400	87536800	0.8878048780487805
chr3	88240800	88241700	0.921161825726141
chr3	91649400	91650000	0.5595854922279793
chr3	93619800	93620500	0.5050761421319797
chr3	94254600	94255200	0.9210526315789473
chr3	97086600	97087200	0.7317073170731707
chr3	98098000	98101000	0.9218950064020487
chr3	101450800	101451400	0.9777777777777777
chr3	106247400	106248000	0.8427947598253275
chr3	108242200	108244700	0.5107142857142857
chr3	110057000	110058200	0.3738656987295826
chr3	111724700	111725400	0.33548387096774196
chr3	112566200	112566800	0.7018633540372671
chr3	112746800	112747400	0.6258992805755396
chr3	113065200	113065800	0.30392156862745096
chr3	113218600	113219200	0.7341772151898734
chr3	113669400	113670000	0.12962962962962962
chr3	115442600	115443200	0.39357429718875503
chr3	117168800	117169400	0.06532663316582915
chr3	117776200	117776800	0.26813880126182965
chr3	119312000	119312600	0.22413793103448276
chr3	120740800	120742600	0.29697766097240474
chr3	123817200	123818000	0.5590277777777778
chr3	124166200	124166800	0.41818181818181815
chr3	125029600	125030200	0.5865384615384616
chr3	126910800	126911400	0.2980132450331126
chr3	128446000	128446600	0.41414141414141414
chr3	128808000	128808600	0.3709677419354839
chr3	128966400	128967000	0.15
chr3	135774400	135775000	0.5339805825242718
chr3	139188400	139189000	0.8322981366459627
chr3	151234000	151234600	0.3492063492063492
chr3	156966600	156967600	0.19166666666666668
chr3	159303000	159306400	0.48753462603878117
chr4	4028600	4029200	0.5825688073394495
chr4	6609200	6610000	0.48660714285714285
chr4	8135400	8136400	0.4701298701298701
chr4	10354000	10354800	0.5882352941176471
chr4	11400000	11401000	0.8152173913043478
chr4	12136600	12137600	0.7585089141004863
chr4	12959200	12959800	0.39313984168865435
chr4	14423800	14424400	0.18518518518518517
chr4	14984200	14984800	0.46953405017921146
chr4	15341400	15344000	0.29320113314447593
chr4	16246600	16249200	0.2830985915492958
chr4	16810400	16811200	0.8705882352941177
chr4	16862800	16863400	0.935064935064935
chr4	17065700	17066400	0.7692307692307693
chr4	20207000	20207600	0.35537190082644626
chr4	20919600	20920400	0.4166666666666667
chr4	22200600	22201200	0.7868852459016393
chr4	23421200	23424000	0.2840172786177106
chr4	25159200	25160000	0.35064935064935066
chr4	25188000	25189600	0.30874785591766724
chr4	32894000	32894800	0.99609375
chr4	33301400	33302000	0.46153846153846156
chr4	35781200	35781800	0.676923076923077
chr4	37224000	37225200	0.2
chr4	37365800	37368400	0.3296296296296296
chr4	38383600	38384200	0.04861111111111111
chr4	41637400	41639000	0.31620553359683795
chr4	43568000	43569200	0.9699646643109541
chr4	44264800	44265600	0.7159090909090909
chr4	50319700	50320400	0.6666666666666666
chr4	53126400	53127200	0.3163265306122449
chr4	54695600	54696200	0.45098039215686275
chr4	55402400	55403000	0.05714285714285714
chr4	55418800	55419600	0.5895020188425303
chr4	60457800	60458800	0.3061797752808989
chr4	62991200	62991800	0.22346368715083798
chr4	65613100	65615200	0.9782886334610472
chr4	66681800	66682500	0.2925531914893617
chr4	67916000	67916600	0.24782608695652175
chr4	69569600	69570200	0.783410138248848
chr4	70815800	70816900	0.7405660377358491
chr4	70832200	70832800	0.6989528795811518
chr4	71915400	71916000	0.49411764705882355
chr4	74648800	74649400	0.6333333333333333
chr4	77151800	77152400	0.41935483870967744
chr4	80928400	80930400	0.47155963302752296
chr4	82672000	82674000	0.4420289855072464
chr4	82791800	82792500	0.46601941747572817
chr4	88481200	88481800	0.21693121693121692
chr4	91068800	91069400	0.20233463035019456
chr4	91576200	91576800	0.4322033898305085
chr4	91654200	91655400	0.3
chr4	92763800	92764400	0.6666666666666666
chr4	99731400	99732000	0.39572192513368987
chr4	103168800	103169400	0.3425925925925926
chr4	110863200	110863800	0.15625
chr4	111271600	111273800	0.5334821428571429
chr4	113836400	113837000	0.7605633802816901
chr4	115194600	115195200	0.7961165048543689
chr4	117477800	117478400	0.3333333333333333
chr4	121378400	121379100	0.4649122807017544
chr4	122662600	122663200	0.7730769230769231
chr4	124549200	124549800	0.19230769230769232
chr4	125182200	125182800	0.06451612903225806
chr4	128483200	128483800	0.7272727272727273
chr4	128585400	128590000	0.9556686046511628
chr4	131012200	131013000	0.5598290598290598
chr4	131495000	131495600	0.9642857142857143
chr4	131788200	131788800	0.9487179487179487
chr4	135802000	135802600	0.17452830188679244
chr4	138291800	138294000	0.1518987341772152
chr4	138706600	138707200	0.7906976744186046
chr4	139784200	139785000	0.08176100628930817
chr4	140458600	140462000	0.12109375
chr4	140786000	140786800	0.3557692307692308
chr4	143579200	143579800	0.9710144927536232
chr4	143827200	143827800	0.27972027972027974
chr4	145572900	145573600	0.6677316293929713
chr4	150878200	150880300	0.9104908565928778
chr4	151144400	151145600	0.5
chr4	151248800	151251800	0.2488479262672811
chr4	151876200	151876800	0.03672316384180791
chr4	153314600	153315200	0.12217194570135746
chr4	154112800	154113400	0.14018691588785046
chr4	155854800	155855400	0.9894736842105263
chr5	3436000	3437600	0.3480565371024735
chr5	3613600	3614300	0.6498316498316499
chr5	8759400	8760100	0.34368932038834954
chr5	11619000	11619800	0.33482142857142855
chr5	11963200	11964000	0.08808290155440414
chr5	16755400	16756000	0.2513863216266174
chr5	17682600	17684300	0.49263502454991814
chr5	26044000	26047200	0.17572463768115942
chr5	26929600	26930200	0.88125
chr5	29408800	29409400	0.5344827586206896
chr5	29983200	29984000	0.6055045871559633
chr5	36966800	36968500	0.9663865546218487
chr5	37326200	37326800	0.9032258064516129
chr5	38673200	38674400	0.7748091603053435
chr5	38912000	38912600	0.34177215189873417
chr5	42661600	42662400	0.21772151898734177
chr5	45345600	45346200	0.22580645161290322
chr5	52918400	52919000	0.078125
chr5	53582400	53583000	0.27932960893854747
chr5	55011000	55013200	0.5292259083728278
chr5	56128800	56129600	0.19545454545454546
chr5	58647000	58648700	0.2774390243902439
chr5	61292600	61294200	0.323868677905945
chr5	61879000	61880200	0.43119266055045874
chr5	62138500	62139200	0.5263157894736842
chr5	63225600	63227900	0.49601417183348095
chr5	63727200	63727800	0.08021390374331551
chr5	64906400	64907000	0.12878787878787878
chr5	69426800	69428200	0.6940418679549114
chr5	69639800	69640800	0.5099601593625498
chr5	70002000	70002600	0.017699115044247787
chr5	70117200	70117800	0.36585365853658536
chr5	70561400	70562000	0.37994722955145116
chr5	73859600	73860200	0.46464646464646464
chr5	75653400	75655700	0.9655963302752294
chr5	86594200	86595000	0.24324324324324326
chr5	87966400	87967000	0.3490566037735849
chr5	90372400	90373000	0.32945736434108525
chr5	96672000	96672600	0.5457875457875457
chr5	97063800	97064400	1.0
chr5	97087000	97088100	0.9958847736625515
chr5	99943600	99944600	0.9767441860465116
chr5	100726600	100727200	0.4241573033707865
chr5	105811600	105813800	0.9660861594867094
chr5	109550000	109553400	0.8140394088669951
chr5	109971600	109972200	0.6287878787878788
chr5	112098400	112099000	0.8995433789954338
chr5	113623600	113625000	1.0
chr5	114196400	114197200	0.23834196891191708
chr5	114802400	114804800	0.8398203592814372
chr5	116803400	116804000	0.8793103448275862
chr5	116981600	116982500	0.0896551724137931
chr5	117295800	117296400	0.7572815533980582
chr5	117707800	117708500	0.9385665529010239
chr5	118491600	118492200	0.7272727272727273
chr5	119440300	119441200	0.9587628865979382
chr5	124124600	124125200	1.0
chr5	125035800	125036400	1.0
chr5	125785600	125788000	0.9473684210526315
chr5	128759300	128760200	0.991701244813278
chr5	128781600	128782400	0.9702970297029703
chr5	129623400	129624000	0.6067961165048543
chr5	129657400	129658000	0.8333333333333334
chr5	129862400	129863000	0.96
chr5	131439400	131441000	0.8642714570858283
chr5	131554200	131554800	0.95
chr5	134076000	134076600	0.2872340425531915
chr5	134217000	134218000	0.14796547472256474
chr5	135348600	135352200	0.9232531500572738
chr5	141154600	141155200	0.4523809523809524
chr5	143758000	143758600	1.0
chr5	143966600	143967900	0.9449760765550239
chr5	144092200	144093000	0.30364372469635625
chr5	144555000	144556600	0.7407407407407407
chr5	144621800	144623600	0.2683982683982684
chr5	146470000	146471000	0.9968051118210862
chr5	148384800	148385400	1.0
chr6	3121000	3121600	1.0
chr6	4092000	4093000	0.24881516587677724
chr6	4747200	4755600	0.8746781115879828
chr6	5476600	5477200	0.3129251700680272
chr6	5480000	5481000	0.5981818181818181
chr6	6626000	6627000	0.437984496124031
chr6	7113000	7113600	0.7727272727272727
chr6	7460200	7461000	0.24031007751937986
chr6	8334600	8335200	0.21666666666666667
chr6	11205200	11206200	0.6361031518624641
chr6	11378600	11379200	0.6220472440944882
chr6	11421200	11421800	0.7013888888888888
chr6	11864600	11865200	0.3262411347517731
chr6	11890800	11891400	0.2581699346405229
chr6	12775400	12776000	0.8041237113402062
chr6	14380000	14380800	0.35714285714285715
chr6	14929000	14929800	0.25705329153605017
chr6	15457800	15458400	0.352112676056338
chr6	18585400	18587800	0.33014354066985646
chr6	20528000	20528600	0.5150115473441108
chr6	24069000	24069800	0.44751381215469616
chr6	24717200	24718400	0.0654911838790932
chr6	26753200	26755000	0.4564102564102564
chr6	26992400	26993200	0.35833333333333334
chr6	28178000	28178800	0.4102079395085066
chr6	30735200	30739400	0.9488574537540805
chr6	30929100	30929800	0.7338501291989664
chr6	33664800	33665600	0.21296296296296297
chr6	35964600	35965200	0.5294117647058824
chr6	38128200	38128800	0.8108108108108109
chr6	41926800	41928600	0.31137724550898205
chr6	42502200	42502800	0.9961389961389961
chr6	43131200	43131800	0.09574468085106383
chr6	46153400	46154000	0.5388127853881278
chr6	46226400	46227000	0.36363636363636365
chr6	47904200	47905600	0.9246376811594202
chr6	49971000	49971600	0.18421052631578946
chr6	50619600	50621600	0.4031339031339031
chr6	55496800	55497400	1.0
chr6	56965800	56966600	0.5075757575757576
chr6	57052600	57053400	0.19193857965451055
chr6	58017600	58018200	0.32727272727272727
chr6	58712400	58713000	0.4357142857142857
chr6	58906200	58907400	0.9350850077279753
chr6	59911200	59911800	0.39285714285714285
chr6	60575600	60576200	0.30158730158730157
chr6	60897600	60898600	0.7794117647058824
chr6	63922800	63925400	0.37056504599211565
chr6	66828600	66829200	0.5214723926380368
chr6	69802800	69803600	0.31141868512110726
chr6	70008400	70009000	0.8769230769230769
chr6	70019800	70020600	0.32281553398058255
chr6	74658800	74659400	0.26695842450765866
chr6	75343200	75343800	1.0
chr6	76098200	76098800	0.8780487804878049
chr6	76618000	76618600	0.10465116279069768
chr6	78524800	78525900	0.21818181818181817
chr6	78938000	78939200	0.606694560669456
chr6	80378800	80379600	0.2975609756097561
chr6	81336200	81339000	0.28795298726738494
chr6	82212400	82213000	0.2222222222222222
chr6	89322600	89323900	0.9801980198019802
chr6	89332700	89334200	0.9217877094972067
chr6	93068300	93069100	0.411214953271028
chr6	96704400	96706800	0.27936507936507937
chr6	99877800	99878600	0.5549738219895288
chr6	101150400	101152900	0.8324240062353858
chr6	101453800	101454400	0.12195121951219512
chr6	101825000	101825600	0.3793103448275862
chr6	104384800	104385800	0.2459546925566343
chr6	105426900	105427600	0.2753623188405797
chr6	118617600	118618200	0.1827956989247312
chr6	123243800	123244400	0.5
chr6	123762200	123762800	0.3173076923076923
chr6	125249200	125252100	0.26322263222632225
chr6	129845800	129846600	0.7350427350427351
chr6	132642600	132643200	0.6195652173913043
chr6	133948600	133949200	0.47540983606557374
chr6	135732000	135734000	0.7124183006535948
chr6	136398200	136402000	0.9421338155515371
chr6	137621200	137621800	0.8982300884955752
chr6	137715800	137716400	0.3312883435582822
chr6	139768400	139769000	0.034482758620689655
chr6	141211000	141211600	0.4344569288389513
chr6	142167800	142168700	0.7737068965517241
chr6	142202600	142203200	1.0
chr6	142396600	142399600	0.8323308270676691
chr6	142768600	142770800	0.88125
chr6	143464800	143465400	0.8947368421052632
chr6	148154600	148155400	0.4936061381074169
chr7	3961400	3962000	0.861003861003861
chr7	6131800	6133400	0.8918918918918919
chr7	6677000	6678200	0.9657039711191335
chr7	6708400	6711700	0.9641847313854854
chr7	6727200	6731400	0.9313984168865436
chr7	7043400	7044100	0.5166666666666667
chr7	7063400	7065100	0.45255474452554745
chr7	7761000	7761600	0.6347826086956522
chr7	10082600	10083200	0.8861788617886179
chr7	10296000	10296600	0.6677631578947368
chr7	11829800	11830800	0.3683127572016461
chr7	12566200	12566800	0.9354838709677419
chr7	12970400	12971800	0.9527720739219713
chr7	13946000	13946800	0.6521739130434783
chr7	15280000	15280600	0.34104046242774566
chr7	15511200	15511800	0.44666666666666666
chr7	16771200	16772300	0.2881773399014778
chr7	17196600	17197200	0.6929133858267716
chr7	23357600	23358600	0.9789750328515112
chr7	24034800	24035400	0.41721854304635764
chr7	24164200	24165000	0.2857142857142857
chr7	25865600	25866400	0.38235294117647056
chr7	26410800	26411400	0.6153846153846154
chr7	28099000	28099800	0.9373134328358209
chr7	28109600	28112200	0.4326424870466321
chr7	31687600	31688200	0.2
chr7	31963400	31964000	0.44654088050314467
chr7	32720400	32721200	0.5
chr7	35274800	35275800	0.8102564102564103
chr7	39837000	39837600	0.5104895104895105
chr7	42914400	42915000	0.40540540540540543
chr7	44079600	44080200	0.11450381679389313
chr7	46497600	46500400	0.9267241379310345
chr7	48386300	48387000	0.565
chr7	49464400	49465200	0.9854014598540146
chr7	51329400	51330200	0.391304347826087
chr7	52410800	52411800	0.2985386221294363
chr7	53621800	53622400	0.5714285714285714
chr7	59864700	59866600	0.8900523560209425
chr7	60003000	60005400	0.9281437125748503
chr7	61406800	61407400	0.4307692307692308
chr7	67149800	67150400	0.9761388286334056
chr7	69595600	69596200	0.8097447795823666
chr7	69724000	69726200	0.41333333333333333
chr7	75865200	75865800	0.8742857142857143
chr7	79115500	79118200	0.05847953216374269
chr7	82540000	82540800	0.048
chr7	83567600	83568200	0.12173913043478261
chr7	84719000	84719600	0.5528455284552846
chr7	86008800	86009700	0.3194444444444444
chr7	87902600	87904200	0.2934131736526946
chr7	92341200	92341800	0.8468468468468469
chr7	92356000	92356600	0.5471698113207547
chr7	94795400	94796000	0.6111111111111112
chr7	95533000	95533600	0.5746606334841629
chr7	101464000	101464600	0.8604651162790697
chr7	106253200	106253800	0.17681159420289855
chr7	107951400	107952200	0.791970802919708
chr7	108026200	108028400	0.28717366628830876
chr7	109026200	109027000	1.0
chr7	111232600	111233200	0.29545454545454547
chr7	117667200	117668000	0.9761904761904762
chr7	125505400	125506800	0.2555066079295154
chr7	127866200	127868400	0.9670563230605739
chr7	128685000	128689800	0.9579908675799087
chr7	131106000	131106600	0.9915254237288136
chr7	137127800	137130200	0.9176470588235294
chr7	137416200	137418400	0.358974358974359
chr7	138665400	138666200	0.34657039711191334
chr7	140027800	140029200	0.7086614173228346
chr7	140738500	140741200	0.30238095238095236
chr7	142579900	142582200	0.017632241813602016
chr7	143294800	143296800	0.9024640657084189
chr7	143340400	143341000	0.9864864864864865
chr7	143677800	143678400	0.432
chr7	143691600	143694600	0.9407744874715261
chr7	144168200	144172200	0.9031531531531531
chr8	3994000	3997400	0.974816369359916
chr8	4808200	4808900	0.6355555555555555
chr8	5639600	5640800	0.7513873473917869
chr8	5784500	5785200	0.36065573770491804
chr8	6481400	6482100	0.6542857142857142
chr8	9158600	9159200	0.9661399548532731
chr8	9783200	9785600	0.47079646017699117
chr8	10756200	10756800	0.9064039408866995
chr8	12238400	12239000	0.9397590361445783
chr8	12746200	12746800	0.25
chr8	12969200	12970200	0.4619883040935672
chr8	13268200	13269000	0.9921875
chr8	13746400	13749600	0.1272365805168986
chr8	14822300	14823000	0.9541284403669725
chr8	15095200	15095800	0.4712041884816754
chr8	15154400	15155200	0.48
chr8	17190200	17191000	0.7538461538461538
chr8	18264800	18265400	0.5390625
chr8	19314400	19315200	0.22641509433962265
chr8	19529400	19530000	0.5927272727272728
chr8	20129200	20129800	0.7
chr8	21272000	21273000	0.35942028985507246
chr8	21359200	21359800	0.4656084656084656
chr8	21602100	21602700	0.6173913043478261
chr8	21711200	21711800	0.5934065934065934
chr8	22052800	22053400	0.3463414634146341
chr8	22535200	22535800	0.9612068965517241
chr8	28619400	28620200	0.4725848563968668
chr8	28904000	28904800	0.3727810650887574
chr8	33487600	33488200	0.20610687022900764
chr8	35089400	35090000	0.24509803921568626
chr8	36304400	36305000	0.5174825174825175
chr8	38287400	38288000	0.6513761467889908
chr8	38950000	38950600	0.788235294117647
chr8	39729600	39730400	0.5267857142857143
chr8	40844000	40844600	0.3710691823899371
chr8	40883200	40884000	0.563855421686747
chr8	43977400	43978200	0.4045307443365696
chr8	45023400	45025600	0.9653465346534653
chr8	45039900	45041000	0.9891774891774892
chr8	46158800	46159600	0.28
chr8	46378400	46379200	0.3181818181818182
chr8	48228300	48229400	0.8939393939393939
chr8	48235600	48236200	0.9173669467787114
chr8	48276100	48276900	0.9274809160305344
chr8	49981600	49983000	0.13549618320610687
chr8	52061200	52062000	0.5328467153284672
chr8	52657600	52658200	0.41208791208791207
chr8	54317200	54317800	0.7222222222222222
chr8	55395200	55396000	0.36486486486486486
chr8	57503800	57504400	0.9333333333333333
chr8	62330800	62331400	0.3283582089552239
chr8	63683000	63683800	0.33640552995391704
chr8	65184600	65185300	0.4476744186046512
chr8	65305400	65306000	0.23316062176165803
chr8	67781800	67782400	0.3081081081081081
chr8	68847800	68848400	0.6482758620689655
chr8	70375500	70378200	0.8351309707241911
chr8	73962000	73962600	0.5555555555555556
chr8	78588200	78590000	0.9797297297297297
chr8	79315000	79315600	0.37362637362637363
chr8	80521400	80522000	0.15384615384615385
chr8	81195800	81196400	0.5777777777777777
chr8	83479600	83480200	0.3004484304932735
chr8	84994600	84995200	0.5425531914893617
chr8	85510000	85510600	0.2857142857142857
chr8	91409000	91410200	0.9626556016597511
chr8	93298600	93299400	0.5380577427821522
chr8	95293000	95294200	0.3387096774193548
chr8	96507200	96507800	0.3607142857142857
chr8	98698700	98699900	0.26595744680851063
chr8	99466000	99466800	0.18660287081339713
chr8	101710600	101711400	0.18584070796460178
chr8	102147200	102148800	0.2976878612716763
chr8	102365300	102366000	0.2912621359223301
chr8	102953400	102954000	0.1949685534591195
chr8	106424800	106425700	0.9785714285714285
chr8	110087400	110090000	0.967741935483871
chr8	110108000	110110200	0.06741573033707865
chr8	112483800	112484400	0.32786885245901637
chr8	113035200	113035800	0.1791044776119403
chr8	119372800	119373600	0.4397163120567376
chr8	120338000	120339800	0.9345794392523364
chr8	120611600	120612200	1.0
chr8	121045200	121045800	0.31746031746031744
chr8	122260800	122267200	0.9618705035971223
chr8	122860600	122867200	0.8626644736842105
chr8	123420800	123421600	0.9446808510638298
chr8	124679400	124684800	0.9396863691194209
chr8	125753000	125754000	0.856020942408377
chr8	129102200	129102800	0.4875
chr9	3501400	3502000	0.8314606741573034
chr9	3807600	3808300	0.41899441340782123
chr9	5057400	5058000	0.6349206349206349
chr9	5364800	5365400	0.45981308411214955
chr9	5396600	5397400	0.5174418604651163
chr9	5642300	5643600	0.8740157480314961
chr9	6073200	6073800	0.7934272300469484
chr9	8477400	8478000	0.375
chr9	9331800	9334200	0.3976143141153082
chr9	11341800	11342400	0.02702702702702703
chr9	13743800	13744600	0.20266666666666666
chr9	18796600	18797400	0.5
chr9	19288400	19289000	0.2697841726618705
chr9	19928000	19928600	0.8104265402843602
chr9	22090600	22091200	0.5555555555555556
chr9	23608000	23609000	0.32231404958677684
chr9	24706400	24707800	0.16524216524216523
chr9	26751400	26752000	0.9567567567567568
chr9	27333100	27335600	0.9399759903961584
chr9	29705800	29706400	0.09278350515463918
chr9	30830000	30830800	0.008849557522123894
chr9	31734800	31735400	0.7753623188405797
chr9	32321800	32322600	0.9156626506024096
chr9	39029000	39029600	0.33116883116883117
chr9	40040600	40041200	0.24034334763948498
chr9	40207400	40208000	0.6226415094339622
chr9	41976600	41977200	0.7415730337078652
chr9	44121200	44121800	0.20512820512820512
chr9	57840900	57841600	0.33756345177664976
chr9	60539100	60540200	0.16113744075829384
chr9	75709000	75709600	0.5681818181818182
chr9	75978800	75979400	0.5508474576271186
chr9	76689400	76690000	0.7115384615384616
chr9	77473400	77474000	0.978494623655914
chr9	78931800	78932400	0.453551912568306
chr9	79540600	79543600	0.35684647302904565
chr9	84852000	84852600	0.4479166666666667
chr9	88001800	88002400	0.5086206896551724
chr9	89469200	89469800	1.0
chr9	89879400	89882000	0.2338935574229692
chr9	93049600	93050600	0.7941176470588235
chr9	96665400	96667400	0.6071428571428571
chr9	98348600	98350200	0.6171428571428571
chr9	99599800	99600400	0.47953216374269003
chr9	101448400	101449000	0.8673469387755102
chr9	103721000	103721600	0.927007299270073
chr9	114033600	114034400	0.23236514522821577
chr9	121040800	121042500	0.92739898989899
