chr1	3878000	3878600	0.7046263345195729
chr1	4921800	4922400	0.9804878048780488
chr1	5040400	5041000	0.7298013245033113
chr1	5047000	5047600	0.8132664437012264
chr1	5071800	5073000	0.7009791614361034
chr1	5423200	5423800	0.7437934458788481
chr1	6012800	6013400	0.7657004830917874
chr1	10805000	10806000	0.008707698396991885
chr1	13514300	13515200	0.5610088616223585
chr1	15020200	15020800	0.8481375358166189
chr1	15862300	15863000	0.7609511889862328
chr1	15917600	15918200	0.9031847133757962
chr1	16711600	16713700	0.8612517257248045
chr1	17239200	17240000	0.6892561983471074
chr1	17685600	17686400	0.7834664161578205
chr1	17903400	17904200	0.7923050732039496
chr1	19009200	19009800	0.9025906735751296
chr1	19398600	19399200	0.7522522522522522
chr1	22061000	22061600	0.8289544235924933
chr1	22158000	22158600	0.8338727076591155
chr1	30165400	30166000	0.8130016051364366
chr1	30573800	30576000	0.7366597366597366
chr1	31300800	31301400	0.8491620111731844
chr1	31383800	31384400	0.8038207200587804
chr1	31454200	31454900	0.7554347826086957
chr1	33407400	33408200	0.8106135986733002
chr1	35896400	35899200	0.8600917431192661
chr1	37200400	37201000	0.8357798165137614
chr1	37874900	37875800	0.028334485141672427
chr1	38299200	38299800	0.7781609195402299
chr1	38315200	38315800	0.4221105527638191
chr1	39519200	39519800	0.8338833883388339
chr1	40014000	40014600	0.9747983870967742
chr1	40457800	40458600	0.08379228953579858
chr1	41071800	41072400	0.9379432624113475
chr1	41213600	41214200	0.9227574750830565
chr1	41467800	41468400	0.8303273213092852
chr1	46473200	46473800	0.489501312335958
chr1	46501400	46502000	0.7807737397420867
chr1	48466800	48469000	0.5069209474007997
chr1	49417700	49419400	0.8416019127316199
chr1	49474400	49475200	0.43586387434554974
chr1	49834000	49834600	0.6618407445708376
chr1	52991800	52992400	0.7073347857661583
chr1	57542000	57542600	0.9723700887198986
chr1	60901000	60901600	0.06362854686156492
chr1	63198700	63201000	0.022057001239157374
chr1	65417600	65418600	0.812327506899724
chr1	65570600	65571200	0.41321044546851
chr1	69831400	69832000	0.9070237493683678
chr1	72380000	72382000	0.9706586826347305
chr1	76311900	76312600	0.8540229885057471
chr1	83446600	83447200	0.8867438867438867
chr1	83673000	83673600	0.8152914458743377
chr1	84685800	84689600	0.8758716875871687
chr1	84973800	84974400	0.573134328358209
chr1	88265800	88266600	0.9347826086956522
chr1	89143500	89146000	0.9766567979959007
chr1	89887400	89888000	0.96900826446281
chr1	91356900	91357600	0.967391304347826
chr1	92527000	92528600	0.8548182586644125
chr1	92847600	92850800	0.3369102367569409
chr1	92919000	92920200	0.6403456495828367
chr1	96115400	96116000	0.8992857142857142
chr1	98110000	98110800	0.8013513513513514
chr1	100986200	100987200	0.796875
chr1	101040000	101040600	0.8801742919389978
chr1	101291200	101291800	0.5855354659248957
chr1	102111200	102111800	0.08663101604278074
chr1	103746300	103747600	0.581657280772325
chr1	106637600	106638200	0.9683377308707124
chr1	109251200	109251800	0.6691176470588235
chr1	112331800	112332600	0.5376146788990825
chr1	117089200	117091200	0.752222475495783
chr1	118864600	118865200	0.9814471243042672
chr1	120994000	120994600	0.8527990906507531
chr1	125096800	125097400	0.6337209302325582
chr1	129436400	129437200	0.8238626305540804
chr1	130199400	130200200	0.7901921132457027
chr1	130685800	130686800	0.9094626168224299
chr1	131736200	131736800	0.9522900763358778
chr1	133729400	133732000	0.9746898263027295
chr1	139975800	139976400	0.7610921501706485
chr1	145807400	145808000	0.1542111506524318
chr1	147592000	147592600	0.8541448058761805
chr1	148131400	148132000	0.6891464699683878
chr1	154472000	154472600	0.12126111560226355
chr1	164224800	164226600	0.8814151561476304
chr1	165655400	165657400	0.41216018707980123
chr1	169112800	169113600	0.8321495327102804
chr1	172541000	172541600	0.9674740484429065
chr1	173988000	173988600	0.5994475138121547
chr1	174787200	174788000	0.8129265355279004
chr1	181713600	181715600	0.895988469853471
chr1	182872200	182872800	0.9838709677419355
chr1	183357000	183359000	0.8125
chr1	185076400	185077000	0.8844221105527639
chr1	187337800	187338400	0.9644268774703557
chr1	187392600	187393800	0.8032402472820294
chr1	189460000	189460600	0.33
chr10	3446900	3447600	0.8897280966767371
chr10	4794400	4795000	0.8337617823479005
chr10	5963000	5963800	0.863659401926001
chr10	6221200	6222000	0.6861209964412811
chr10	6514400	6515200	0.02707808564231738
chr10	10593200	10594500	0.880790480237994
chr10	13089600	13092100	0.011138760516648891
chr10	13127000	13128000	0.03482142857142857
chr10	18531400	18532000	0.01259774109470026
chr10	18716200	18717000	0.9169000933706816
chr10	20294400	20295000	0.8045325779036827
chr10	23480800	23481600	0.8634341637010676
chr10	23501000	23501600	0.7482912332838039
chr10	23659200	23660000	0.872953133822699
chr10	25026800	25027400	0.5738007380073801
chr10	28907300	28908100	0.7625570776255708
chr10	29076800	29077400	0.8059071729957806
chr10	29723800	29724400	0.6476719944405838
chr10	30058200	30058800	0.7906976744186046
chr10	31080600	31081200	0.5987158908507223
chr10	32527600	32528200	0.7402787967718268
chr10	33685800	33688200	0.8085539714867617
chr10	38224200	38225000	0.8143106457242583
chr10	39140800	39142800	0.9813698630136987
chr10	40050400	40051000	0.8855218855218855
chr10	40645900	40648000	0.5064083457526081
chr10	47219600	47221800	0.7535714285714286
chr10	47732800	47733400	0.7622950819672131
chr10	48290800	48291500	0.7133333333333334
chr10	50447000	50447600	0.587958607714017
chr10	51444400	51445100	0.7948717948717948
chr10	52114600	52115200	0.7251374312843578
chr10	52502800	52503400	0.7716436637390214
chr10	53194600	53195200	0.7597765363128491
chr10	60305800	60306400	0.9828030954428203
chr10	62367200	62368000	0.8383891213389121
chr10	63076000	63076800	0.7044854881266491
chr10	64622000	64623800	0.893380052559129
chr10	68035600	68036800	0.9177185600748013
chr10	68243700	68245800	0.8451025056947609
chr10	69986200	69993500	0.9766765544116792
chr10	72690600	72691400	0.8052083333333333
chr10	74243200	74244000	0.7723480333730631
chr10	78905400	78906000	0.7216216216216216
chr10	81799400	81802600	0.8006410256410257
chr10	81958200	81961900	0.7769277229716126
chr10	83652200	83652800	0.8891605541972291
chr10	83844200	83844800	0.7973421926910299
chr10	85211000	85211600	0.9376498800959233
chr10	85658000	85658800	0.9675642594859241
chr10	86848400	86849000	0.9643366619115549
chr10	88625000	88625800	0.7889713679745494
chr10	90471400	90474000	0.8405063291139241
chr10	91585200	91587000	0.7822699515687513
chr10	97541600	97542200	0.9137168141592921
chr10	98090200	98090800	0.5697730564944471
chr10	98794200	98794800	0.783180026281209
chr10	100646400	100647000	0.7557894736842106
chr10	101423600	101424200	0.8767908309455588
chr10	101923600	101924200	0.50472334682861
chr10	102323500	102324200	0.8305921052631579
chr10	103518600	103519200	0.8008982035928144
chr10	112812200	112813000	0.8411602209944752
chr10	116455400	116456200	0.9790794979079498
chr10	119498200	119498800	0.825531914893617
chr10	121266700	121267800	0.025234318673395817
chr10	122815000	122815700	0.0390625
chr10	129816400	129818600	0.8881002087682672
chr10	130201000	130201600	0.5248407643312102
chr10	130473200	130473800	0.8169456066945606
chr11	3133600	3136000	0.8388637050468419
chr11	4013200	4016200	0.8604954367666232
chr11	5202200	5204000	0.9769141977683724
chr11	5457100	5458400	0.42331801086502296
chr11	5535400	5536000	0.927658019729631
chr11	5808000	5809800	0.8974218321448162
chr11	7401600	7402200	0.8389057750759878
chr11	8399600	8400200	0.9455587392550143
chr11	10216800	10217400	0.7900355871886121
chr11	10674000	10674800	0.8151260504201681
chr11	12025200	12027200	0.010049714010798096
chr11	12905800	12906600	0.7647058823529411
chr11	13351600	13352200	0.7944055944055944
chr11	15729200	15730000	0.6796116504854369
chr11	16048800	16049600	0.8097521982414069
chr11	16358800	16359600	0.39553314121037464
chr11	17098800	17099400	0.5328542094455853
chr11	17912800	17913400	0.8235294117647058
chr11	19720600	19721200	0.3170244633050424
chr11	20017200	20023800	0.4060174356793536
chr11	25080000	25080600	0.5729537366548043
chr11	25370200	25371000	0.7465618860510805
chr11	29580200	29580800	0.9366438356164384
chr11	30318200	30319200	0.8187737384698861
chr11	32209400	32210400	0.9738452977184195
chr11	35875400	35876000	0.9814221652786675
chr11	40634000	40634600	0.8396836808051761
chr11	40650200	40652200	0.8299058905542
chr11	42908400	42909000	0.9354838709677419
chr11	45769600	45770200	0.8430701047542305
chr11	48744600	48745200	0.7985386221294363
chr11	51941800	51944000	0.9223665223665224
chr11	53578600	53580200	0.971244131455399
chr11	53966000	53966600	0.9536178107606679
chr11	55252000	55254000	0.9761181068171949
chr11	58316100	58317600	0.049760765550239235
chr11	58708800	58709600	0.11379310344827587
chr11	67219000	67221200	0.9440524193548387
chr11	68604000	68604600	0.7469204927211646
chr11	69825200	69827600	0.8347370391166011
chr11	83217600	83218400	0.9615055603079555
chr11	88664600	88665200	0.9796839729119639
chr11	89909800	89910600	0.6885413124787487
chr11	92129100	92131600	0.8456073470802288
chr11	92249400	92250000	0.7814776274713839
chr11	92862000	92862600	0.9009384775808134
chr11	94745400	94746000	0.4122211445198836
chr11	95763400	95764200	0.9316239316239316
chr11	95854800	95855400	0.29936305732484075
chr11	99824700	99826600	0.8168840229699995
chr11	101398800	101399500	0.8297775760326827
chr11	101740000	101740600	0.942072213500785
chr11	103805000	103805600	0.9716666666666667
chr11	107724200	107724800	0.016736401673640166
chr11	108039600	108040500	0.03090013434841021
chr11	108061800	108062800	0.969416126042632
chr11	114566000	114566600	0.9053571428571429
chr11	115062400	115063000	0.8451127819548873
chr11	117898200	117899500	0.8236101578586136
chr11	118079400	118081800	0.9567295597484277
chr11	118387600	118388200	0.8811641067097817
chr11	118861600	118862200	0.9778206364513018
chr11	120116600	120117200	0.9654289372599232
chr12	3108400	3109000	0.8740629685157422
chr12	5094600	5096700	0.9384255650818394
chr12	10832800	10833400	0.8620331950207469
chr12	10999200	11000000	0.6982182628062361
chr12	13434400	13437400	0.2183678007560596
chr12	13662000	13662600	0.7997572815533981
chr12	17215600	17216200	0.9880597014925373
chr12	17786000	17786800	0.946951429555632
chr12	18259400	18260000	0.7572815533980582
chr12	23907000	23907600	0.6555183946488294
chr12	24084300	24085200	0.8359824146094014
chr12	24141200	24141800	0.7650130548302873
chr12	32926600	32927200	0.9684848484848485
chr12	33364200	33365600	0.9770491803278688
chr12	37602800	37603400	0.7694610778443114
chr12	38048000	38049200	0.8243727598566308
chr12	42598600	42599200	0.5267175572519084
chr12	42666600	42667200	0.8160919540229885
chr12	43567600	43571000	0.8230964806637228
chr12	46252400	46255000	0.8401547546324577
chr12	47329400	47331200	0.8391065069601813
chr12	47983600	47984200	0.5464895635673624
chr12	48554600	48555200	0.5692640692640693
chr12	54565200	54565800	0.8801410105757932
chr12	56644000	56646000	0.9340878828229028
chr12	58601600	58602200	0.8768
chr12	58770000	58770600	0.8446660622544575
chr12	58863600	58864200	0.8738346799254195
chr12	59652000	59652600	0.883920894239037
chr12	61628600	61629200	0.4553941908713693
chr12	66200800	66201800	0.847457627118644
chr12	68701000	68701600	0.7422535211267606
chr12	74125800	74126600	0.015083798882681564
chr12	74367200	74367800	0.8722627737226277
chr12	74807600	74808400	0.8327759197324415
chr12	80168000	80172000	0.4536627159788662
chr12	81372200	81373300	0.819533961328706
chr12	81772600	81773200	0.9748083242059146
chr12	82565600	82566600	0.13367609254498714
chr12	84994000	84994600	0.8291457286432161
chr12	85519000	85519600	0.9792626728110599
chr12	90476600	90477200	0.7692307692307693
chr12	91811400	91812000	0.9588116137744767
chr12	95249200	95249800	0.7344488905056384
chr12	96138800	96141600	0.8458020852387049
chr12	96865000	96865600	0.6712328767123288
chr12	98612800	98613800	0.508460918614021
chr12	99148000	99148800	0.7731618286111593
chr12	99732800	99733400	0.9711286089238845
chr12	99817800	99818400	0.03529411764705882
chr12	104567100	104568600	0.06515397082658023
chr12	109264800	109265400	0.8234323432343235
chr12	109526400	109528800	0.9766677992977687
chr12	109870300	109871600	0.06611226611226612
chr12	112020100	112021200	0.8127053669222344
chr12	113127400	113128000	0.9746987951807229
chr12	119772600	119773200	0.6093247588424437
chr13	3102500	3103500	0.8891465677179963
chr13	3138600	3140000	0.042097302747668264
chr13	3162700	3163300	0.8808290155440415
chr13	6184000	6184800	0.7385398981324278
chr13	6846200	6846800	0.8838582677165354
chr13	8441400	8442000	0.926829268292683
chr13	10301800	10302400	0.7507708119218911
chr13	12956200	12957000	0.2833211944646759
chr13	13047000	13047600	0.7522123893805309
chr13	14400800	14402600	0.8572287345957319
chr13	14781200	14782700	0.825880758807588
chr13	14852000	14852600	0.7920847268673356
chr13	15887000	15887600	0.8333333333333334
chr13	16622000	16622600	0.794973544973545
chr13	17821000	17821600	0.9245852187028658
chr13	18045600	18046200	0.9290882778581766
chr13	18740600	18741200	0.967266775777414
chr13	19439000	19439600	0.8288431061806656
chr13	21650400	21652400	0.7755420980660285
chr13	22173600	22174200	0.7602905569007264
chr13	22282900	22283600	0.7698771816418876
chr13	23329200	23329800	0.8220579874928937
chr13	23375600	23376200	0.86707410236822
chr13	29541800	29542400	0.9747634069400631
chr13	31738400	31739000	0.8620352250489237
chr13	33853000	33853600	0.8074133763094279
chr13	33882800	33883400	0.8446745562130178
chr13	34140400	34142000	0.8828010547905069
chr13	34470600	34471400	0.847457627118644
chr13	36828200	36828800	0.4590288315629742
chr13	41058200	41058800	0.822972972972973
chr13	41311600	41312200	0.1423324150596878
chr13	41787400	41788000	0.8653483992467044
chr13	41930600	41931200	0.7368421052631579
chr13	42156600	42159100	0.9739655973965597
chr13	45566600	45568000	0.015635322616163842
chr13	47009200	47011400	0.01738387004844685
chr13	48585800	48587200	0.977731384829506
chr13	51086600	51087200	0.46115702479338844
chr13	52905700	52908000	0.9772127608539218
chr13	53555800	53558000	0.9741589468551926
chr13	64931800	64932600	0.7575757575757576
chr13	65323800	65324600	0.8352745424292846
chr13	66473000	66473600	0.20532319391634982
chr13	71381200	71382000	0.7371779141104294
chr13	74417600	74419200	0.7795040334628025
chr13	76478000	76478600	0.6634615384615384
chr13	78261000	78261600	0.7416520210896309
chr13	84536800	84538400	0.8683522231909329
chr13	85329200	85330200	0.7922628510863805
chr13	86305500	86306100	0.8314176245210728
chr13	96707800	96708600	0.8685800604229608
chr13	99324200	99324800	0.9795918367346939
chr13	100223900	100225200	0.6522419186652764
chr13	102736600	102737800	0.1461794019933555
chr13	107432000	107433000	0.7633089770354906
chr13	110020000	110020600	0.026877470355731226
chr13	111755400	111756100	0.980022615906521
chr13	112349600	112350200	0.9851485148514851
chr13	116837000	116837600	0.6622264509990485
chr14	3278200	3280200	0.9178612940720651
chr14	5993400	5994200	0.716726618705036
chr14	6235800	6236500	0.7604761904761905
chr14	10274200	10274800	0.9418181818181818
chr14	10954800	10955400	0.7587131367292225
chr14	13933000	13934000	0.201212789415656
chr14	14243400	14244400	0.7196969696969697
chr14	14248400	14249200	0.6570281124497992
chr14	14582200	14582800	0.510989010989011
chr14	16907600	16908200	0.7462946817785527
chr14	17005600	17006400	0.7923076923076923
chr14	17320600	17321200	0.7483588621444202
chr14	25531800	25532400	0.9621621621621622
chr14	27576800	27577400	0.6891025641025641
chr14	32863400	32864000	0.3995398773006135
chr14	37942800	37943600	0.7167798254122212
chr14	44223200	44223800	0.8529411764705882
chr14	52874400	52875000	0.5789473684210527
chr14	53895800	53896400	0.8195819581958196
chr14	60759200	60762000	0.981311098332375
chr14	62952800	62953400	0.98224043715847
chr14	63462100	63462800	0.9805714285714285
chr14	68120200	68122000	0.9759152215799615
chr14	68811400	68813200	0.7876666666666666
chr14	69244400	69245400	0.719656283566058
chr14	72037400	72038200	0.5330347144456887
chr14	72442800	72443400	0.9714611872146118
chr14	82893200	82894000	0.7714392244593586
chr14	90345400	90346200	0.6972972972972973
chr14	91819000	91819600	0.6472114137483788
chr14	92410000	92412400	0.7901764425369575
chr14	97116400	97117200	0.8436724565756824
chr14	99649200	99649800	0.6834532374100719
chr14	101198200	101198800	0.024437299035369776
chr14	102131000	102131600	0.7538586515028433
chr14	104986800	104987400	0.8081534772182254
chr14	106003600	106005400	0.8432108027006752
chr14	107465600	107466200	0.5045871559633027
chr14	108647500	108650000	0.8279898218829517
chr14	109011000	109012600	0.5196172248803828
chr14	110553000	110553600	0.6638888888888889
chr14	112083000	112083800	0.7641866330390921
chr14	112216000	112216600	0.8577441077441077
chr14	112396000	112397000	0.863013698630137
chr14	118489000	118490600	0.9814029363784665
chr14	118515200	118515800	0.9179580674567
chr14	118879000	118880900	0.9632554945054945
chr14	120195800	120196400	0.7250936329588015
chr14	121233700	121234500	0.9608540925266904
chr14	123821000	123821600	0.7061739522307345
chr15	3118800	3119400	0.8459616985845129
chr15	3156600	3157200	0.7562130177514793
chr15	3887600	3888400	0.7821543408360129
chr15	4607800	4608400	0.7394871794871795
chr15	6680000	6683800	0.8881363848668846
chr15	9557000	9557800	0.7836422240128929
chr15	9643400	9644000	0.7253121452894438
chr15	16309200	16309800	0.7489504617968094
chr15	18125500	18127800	0.8405525238744884
chr15	19403100	19404600	0.8195302843016069
chr15	21875600	21876200	0.8130653266331658
chr15	21889600	21890900	0.809413324494531
chr15	22487800	22488600	0.7119533527696793
chr15	23823800	23825200	0.35714285714285715
chr15	24648400	24649000	0.7336787564766839
chr15	27025200	27025800	0.035826242722794444
chr15	29737000	29737600	0.8084714548802947
chr15	33269600	33270400	0.8779405237461163
chr15	33867400	33868200	0.8391028766455387
chr15	36483300	36483900	0.9754716981132076
chr15	37759300	37760200	0.8943057722308893
chr15	49279800	49282800	0.719037508846426
chr15	50572400	50573200	0.8092369477911646
chr15	52845000	52845600	0.7923655292076345
chr15	57413200	57414000	0.7917942437232088
chr15	57822000	57823800	0.2369640787949015
chr15	60172000	60172600	0.6474258970358814
chr15	65268200	65271100	0.839193083573487
chr15	67911000	67912000	0.8130961115187088
chr15	68180400	68181000	0.9812765957446808
chr15	68368200	68368800	0.6624530235736249
chr15	72806600	72811400	0.22364497456586563
chr15	75013000	75013600	0.8581016299137104
chr15	75031000	75032600	0.9313725490196079
chr15	75040400	75041000	0.9264264264264265
chr15	75523400	75524000	0.6884920634920635
chr15	79258200	79262300	0.1413758219524532
chr15	83698800	83701200	0.9729437229437229
chr15	83791800	83792600	0.2095503013444599
chr15	86549000	86549600	0.9654088050314465
chr15	86568400	86569000	0.9285714285714286
chr15	92767200	92768000	0.02106084243369735
chr15	97058500	97059600	0.0406885758998435
chr15	97486400	97487200	0.8500323206205559
chr15	97793400	97794200	0.9748091603053435
chr15	99867200	99869100	0.9220862846104314
chr15	101063600	101064200	0.9218045112781955
chr15	101194600	101195200	0.989763779527559
chr15	103888600	103889200	0.7963855421686747
chr16	4858200	4860000	0.8494623655913979
chr16	5525000	5525600	0.04618473895582329
chr16	14878400	14879000	0.8263205013428827
chr16	15434000	15434600	0.8535031847133758
chr16	18083400	18084000	0.967714528462192
chr16	19069700	19070400	0.8016528925619835
chr16	21028200	21028800	0.8784119106699751
chr16	21612800	21613600	0.15424164524421594
chr16	25190700	25191400	0.5979166666666667
chr16	28621800	28622800	0.9380804953560371
chr16	28853800	28857000	0.8660853047832844
chr16	31050400	31051000	0.9743888242142026
chr16	31156000	31156900	0.9776758409785933
chr16	42003200	42003800	0.7473219911783239
chr16	42657000	42657600	0.7493917274939172
chr16	44473800	44474400	0.7996768982229402
chr16	45055800	45056600	0.8413891872538489
chr16	46362400	46363600	0.5689753863766457
chr16	47187800	47188400	0.5258620689655172
chr16	47300600	47301400	0.8498691410896978
chr16	48267800	48268400	0.9215358931552587
chr16	48497000	48498000	0.863461811975537
chr16	50773400	50775600	0.864560236511456
chr16	52707000	52707600	0.8783783783783784
chr16	53192400	53193000	0.5646711012564671
chr16	54003000	54003800	0.7313432835820896
chr16	54507400	54508000	0.7557840616966581
chr16	56038600	56042000	0.8798449612403101
chr16	57878200	57878800	0.7102593010146562
chr16	58249400	58250000	0.8316831683168316
chr16	60884000	60884800	0.7880580957504034
chr16	62345000	62345800	0.7817303469477382
chr16	64572200	64573200	0.8283485045513654
chr16	65031600	65033000	0.8794014084507042
chr16	67391000	67391600	0.45722618276085547
chr16	68529200	68530000	0.6899521531100479
chr16	69163200	69164200	0.8295254833040422
chr16	70947400	70948000	0.7554794520547945
chr16	71976000	71976800	0.7585825027685493
chr16	76403200	76403800	0.07015130674002751
chr16	77814600	77815400	0.6534740545294635
chr16	77938000	77938600	0.8618071374335611
chr16	80268100	80269500	0.6595460614152203
chr16	85644000	85644600	0.02708803611738149
chr16	88754800	88755400	0.6009852216748769
chr16	89963100	89964600	0.034287511796162316
chr16	90049600	90050200	0.9470817120622568
chr16	91456200	91457800	0.9581911262798635
chr16	91990700	91991600	0.660100424874469
chr16	94832800	94833400	0.8851113716295428
chr16	95718800	95719400	0.908284023668639
chr16	95815600	95816200	0.9635949943117179
chr16	97352000	97352800	0.7950700821652973
chr17	4339800	4340400	0.6972789115646258
chr17	6739400	6741400	0.9759562841530055
chr17	8001000	8006000	0.9570144587729582
chr17	10974200	10974800	0.7108374384236453
chr17	12741200	12743000	0.02392279461737121
chr17	14013600	14014600	0.8312020460358056
chr17	16625000	16625600	0.8396679772826562
chr17	17274800	17275400	0.08256880733944955
chr17	18841600	18842400	0.7111111111111111
chr17	19042400	19043000	0.7586776859504132
chr17	20143500	20144700	0.7496749024707412
chr17	20570800	20571400	0.04812129202373105
chr17	22055800	22058800	0.8540980430149195
chr17	22623600	22624400	0.8780487804878049
chr17	23908000	23909000	0.6308113035551504
chr17	30499400	30500000	0.9542586750788643
chr17	32016400	32017000	0.9779116465863453
chr17	32069800	32070400	0.9822380106571936
chr17	32587400	32588000	0.7810945273631841
chr17	34044400	34046400	0.9586230876216968
chr17	34398600	34399400	0.0022839741149600305
chr17	35281200	35282600	0.8222742648972157
chr17	35363400	35364000	0.9224924012158054
chr17	37730800	37731600	0.7671665351223362
chr17	38897600	38898200	0.4723618090452261
chr17	38982200	38983200	0.6529032258064517
chr17	40645600	40646200	0.8104448742746615
chr17	41603400	41604000	0.7508474576271187
chr17	45196600	45197200	0.8520066889632107
chr17	49281200	49281800	0.9726516052318668
chr17	50177600	50178200	0.9828937990021382
chr17	52988400	52989000	0.853243670886076
chr17	53983800	53985100	0.8401253918495298
chr17	54552000	54552600	0.722972972972973
chr17	55557800	55558400	0.6917834153729648
chr17	60275600	60276200	0.7103935418768921
chr17	60745600	60746300	0.32553407934893186
chr17	62402200	62402800	0.7353760445682451
chr17	67811100	67813100	0.9456391875746715
chr17	69285900	69289200	0.978300921187308
chr17	73827000	73830400	0.8150934239262315
chr17	77797600	77798200	0.813977929584866
chr17	84629600	84630200	0.8168373151308305
chr17	85737200	85738000	0.30327868852459017
chr17	87133600	87135200	0.031827223643080424
chr17	90478800	90479600	0.8428661219358894
chr17	91271800	91272800	0.8456057007125891
chr17	91359200	91359800	0.6228373702422145
chr17	92040600	92041200	0.7624341720304272
chr17	92103600	92104400	0.8342696629213483
chr17	92997800	92998400	0.8361290322580646
chr17	93403900	93404600	0.519774011299435
chr17	94500800	94501400	0.843585237258348
chr18	3227200	3227800	0.8042671614100185
chr18	3711600	3712200	0.8222836095764272
chr18	3873200	3875200	0.8658337859858772
chr18	7274200	7275000	0.8067632850241546
chr18	7771200	7771800	0.20637732506643047
chr18	7816800	7817400	0.9534313725490197
chr18	11746600	11747400	0.08071748878923767
chr18	12972600	12974800	0.011205467061956685
chr18	13172800	13173400	0.8115789473684211
chr18	15988800	15992800	0.5296957991308546
chr18	16288800	16289400	0.8148519819367788
chr18	17352300	17353300	0.845360824742268
chr18	24705600	24706200	0.7902511078286558
chr18	32877000	32877600	0.8907710280373832
chr18	35528400	35529000	0.9281045751633987
chr18	36850600	36853400	0.4735658042744657
chr18	38359200	38359800	0.9641125121241513
chr18	44698400	44699000	0.8541666666666666
chr18	46317400	46318200	0.2337228714524207
chr18	50090200	50090800	0.9799410029498525
chr18	54158800	54159400	0.16379310344827586
chr18	58804200	58804800	0.6781496062992126
chr18	58853400	58854200	0.8663532572196104
chr18	59357400	59358200	0.8102866779089376
chr18	60412200	60412800	0.6384364820846905
chr18	61358000	61358600	0.922425952045134
chr18	69159200	69159900	0.9010082493125573
chr18	70509000	70510600	0.9206285253827559
chr18	70705800	70706400	0.0
chr18	71209100	71209900	0.8554216867469879
chr18	74151100	74151800	0.7531584062196307
chr18	77207800	77208400	0.8681592039800995
chr18	77368800	77369400	0.9506953223767383
chr18	79933000	79934400	0.615426997245179
chr18	83134800	83135600	0.028345418589321027
chr18	87160400	87161400	0.8360496229627827
chr18	87695600	87696200	0.8019079685746352
chr18	89407600	89408200	0.7376160990712074
chr18	90429800	90430800	0.7459236695932628
chr18	90559000	90560400	0.5894160583941606
chr19	5406200	5407000	0.6993710691823899
chr19	5861400	5862600	0.9577356557377049
chr19	7859800	7860400	0.6514195583596214
chr19	8032600	8034200	0.7568027210884354
chr19	8276800	8277400	0.2717391304347826
chr19	8323800	8324400	0.704248366013072
chr19	9375000	9375600	0.814385150812065
chr19	9717600	9718200	0.8628291488058788
chr19	10425000	10425700	0.9761904761904762
chr19	11670400	11671000	0.7330232558139534
chr19	12543800	12545200	0.8141025641025641
chr19	13159600	13160200	0.7296222664015904
chr19	19241200	19241800	0.6293532338308457
chr19	19508600	19509300	0.7726420986883198
chr19	20754600	20755200	0.8168202764976958
chr19	21248000	21248600	0.7604712041884817
chr19	24970000	24970800	0.8250319284802043
chr19	25426800	25428400	0.9315742397137746
chr19	25819200	25819800	0.8771138669673055
chr19	26897200	26897800	0.8501070663811563
chr19	31722600	31724200	0.8329836340746958
chr19	39157000	39157800	0.40745672436750996
chr19	43738000	43738700	0.9045954045954046
chr19	44712800	44713600	0.9024390243902439
chr19	46579800	46581000	0.16139396935244685
chr19	47896200	47898300	0.7246738296239448
chr19	51469400	51470000	0.7484076433121019
chr19	51701200	51701800	0.7260825780463243
chr19	51955200	51955800	0.8194046937607327
chr19	53580200	53580800	0.9523809523809523
chr19	54911600	54912200	0.8253968253968254
chr19	55593200	55593900	0.9458572600492207
chr19	55628000	55630600	0.3376251788268956
chr19	55931400	55932000	0.03842869342442357
chr19	56231600	56232200	0.22765196662693682
chr19	56326000	56326800	0.9666666666666667
chr19	57378400	57381600	0.9762828805519621
chr19	57437000	57439600	0.8758511480601742
chr19	58706400	58707200	0.8702702702702703
chr19	58799200	58800700	0.16678395496129486
chr19	61207600	61208200	0.9192377495462795
chr2	7509100	7509800	0.8114695340501792
chr2	7629900	7630600	0.9341040462427745
chr2	12449200	12450000	0.8896551724137931
chr2	13913200	13913800	0.5913705583756346
chr2	15334400	15335000	0.7676537585421412
chr2	15663600	15664400	0.8409199808337326
chr2	16894600	16895200	0.817923186344239
chr2	19914600	19915400	0.7343494828524768
chr2	21246400	21247000	0.7557066537153958
chr2	22275000	22275600	0.9184549356223176
chr2	24237600	24238200	0.7661375661375661
chr2	26664300	26665100	0.9747474747474747
chr2	28228800	28229800	0.9786497403346798
chr2	36316700	36317400	0.8564940962761126
chr2	36807600	36808400	0.09484029484029484
chr2	36964400	36965000	0.7635726795096323
chr2	38568600	38571000	0.9793103448275862
chr2	39704000	39704800	0.7239130434782609
chr2	43071400	43072000	0.7299813780260708
chr2	43329200	43330000	0.8539568345323741
chr2	48227200	48227800	0.7324414715719063
chr2	48784800	48786800	0.8706875753920386
chr2	48853600	48854200	0.8274296094459582
chr2	52338400	52339400	0.11557788944723618
chr2	55999000	55999600	0.8248175182481752
chr2	59817400	59819000	0.9700617283950618
chr2	59843000	59844000	0.026159334126040427
chr2	63397600	63398200	0.850019786307875
chr2	63805600	63806200	0.8201474201474201
chr2	66736600	66737200	0.8405365126676602
chr2	73010400	73013200	0.3169087739686229
chr2	76709800	76713000	0.9796896394340484
chr2	76722900	76725900	0.9779973895207906
chr2	78617000	78617600	0.8625536899648575
chr2	85070000	85070600	0.3942857142857143
chr2	85471900	85473100	0.797640328923847
chr2	88212200	88212800	0.8288043478260869
chr2	89560600	89561200	0.06861313868613139
chr2	95695800	95696400	0.8745294855708908
chr2	98208200	98208800	0.7817652764306499
chr2	98752000	98752600	0.8155688622754491
chr2	107171400	107172000	0.5886120996441281
chr2	108202400	108203200	0.7468354430379747
chr2	110095200	110095800	0.8927492447129909
chr2	111040800	111041400	0.8361522198731501
chr2	111936200	111936800	0.49607843137254903
chr2	116454200	116454800	0.632569558101473
chr2	125617400	125618000	0.5144774011299436
chr2	127577000	127577700	0.9730120481927711
chr2	139476000	139476600	0.8366666666666667
chr2	147672200	147672800	0.7430639324487334
chr2	148745200	148747200	0.8683220466516177
chr2	149519300	149520000	0.7836846929422548
chr2	152686400	152688000	0.03133601524454796
chr2	155987400	155988700	0.968503937007874
chr2	156482000	156482600	0.9586016559337627
chr2	156747800	156749200	0.9675792507204611
chr2	157557300	157562400	0.2700610042233693
chr2	159345800	159346800	0.8237059264816204
chr2	160753600	160754200	0.972972972972973
chr2	162841600	162842200	0.8726708074534162
chr2	163469400	163470200	0.9776234567901234
chr2	164502200	164503000	0.929637526652452
chr2	165296400	165297800	0.974827768945416
chr2	165380000	165383600	0.9755763764606801
chr2	165514700	165516300	0.9632569077013522
chr2	166430400	166432600	0.9521100047415837
chr2	166629600	166633200	0.9428571428571428
chr2	168488600	168489600	0.9106187929717342
chr2	168622800	168624200	0.933920704845815
chr2	168979600	168980200	0.025
chr2	169764800	169765400	0.9774011299435028
chr2	170504400	170505200	0.9704609876174847
chr2	170891200	170891800	0.9783834586466166
chr2	172001800	172004200	0.9600526777875329
chr2	172291600	172292800	0.9788806758183738
chr2	172895400	172897100	0.9672059466550066
chr2	173066600	173067200	0.9577114427860697
chr2	173098000	173098600	0.9818799546998868
chr2	173455400	173456000	0.9795081967213115
chr2	173645800	173647600	0.976857490864799
chr2	174092200	174092800	0.9871323529411765
chr2	174096800	174099400	0.9820528967254408
chr2	174121800	174122400	0.965034965034965
chr2	174293700	174301200	0.017435147409745208
chr2	174345100	174346600	0.7454707454707454
chr2	176790000	176790600	0.15930388219544847
chr2	177281600	177282200	0.3172043010752688
chr2	179179200	179179800	0.9738805970149254
chr2	179298200	179299400	0.8652397938961554
chr2	179605200	179605800	0.983065198983912
chr2	181092000	181092600	0.97165991902834
chr2	181109400	181110000	0.9683698296836983
chr2	181112800	181113400	0.9868959868959869
chr3	5903000	5903600	0.8131455399061033
chr3	6377200	6379100	0.8197375926982317
chr3	7302200	7304800	0.8515785157851579
chr3	8129400	8130200	0.6782752902155887
chr3	13130200	13131000	0.69826435246996
chr3	14447200	14448000	0.7392592592592593
chr3	14745400	14746000	0.7429577464788732
chr3	16249900	16250500	0.8605200945626478
chr3	19584400	19585000	0.01891891891891892
chr3	20419000	20419600	0.6272727272727273
chr3	20854000	20854600	0.812625250501002
chr3	22284400	22285400	0.7886819484240688
chr3	22954800	22955600	0.7252032520325203
chr3	22961200	22962000	0.8017429193899782
chr3	23314200	23314800	0.7088607594936709
chr3	24810000	24810600	0.8398607484769365
chr3	26601600	26602400	0.013361278490961487
chr3	26906000	26906600	0.8173719376391982
chr3	27258200	27258800	0.43255295429208473
chr3	29719400	29720200	0.8188824662813102
chr3	32313800	32314600	0.8270676691729323
chr3	33479200	33480000	0.43322033898305085
chr3	35171200	35171800	0.791967044284243
chr3	36853200	36853800	0.7792333818534692
chr3	38455200	38457200	0.9413414349146997
chr3	38626800	38627400	0.8520710059171598
chr3	39173800	39174400	0.8809891808346213
chr3	43491800	43492400	0.768969422423556
chr3	45578400	45579800	0.8390628000768197
chr3	51264200	51265200	0.925476603119584
chr3	53323200	53323800	0.03125
chr3	53721200	53723800	0.8232823282328233
chr3	53888000	53888600	0.9348148148148148
chr3	55102000	55102600	0.423418095801301
chr3	56009200	56009800	0.8983957219251337
chr3	56853800	56854400	0.6393617021276595
chr3	57869600	57870200	0.8520599250936329
chr3	59689000	59689600	0.7298946200776484
chr3	66112200	66112800	0.9367088607594937
chr3	66268800	66269400	0.8001586042823157
chr3	67775800	67777200	0.8437730287398674
chr3	70745800	70746800	0.7697547683923706
chr3	71225600	71226200	0.7014613778705637
chr3	73863800	73864800	0.8154477101845523
chr3	74864800	74865500	0.6615678776290631
chr3	75715000	75715600	0.8517179023508138
chr3	78249800	78250400	0.8165680473372781
chr3	87535400	87536800	0.39452461799660443
chr3	88240800	88241700	0.00913140311804009
chr3	91649400	91650000	0.4462457337883959
chr3	93619800	93620500	0.7793501048218029
chr3	94254600	94255200	0.6980108499095841
chr3	97086600	97087200	0.9684873949579832
chr3	98098000	98101000	0.982355354944604
chr3	101450800	101451400	0.9741529863779252
chr3	106247400	106248000	0.7390710382513661
chr3	108242200	108244700	0.8496503496503497
chr3	110057000	110058200	0.8595652173913043
chr3	111724700	111725400	0.7241653418124007
chr3	112566200	112566800	0.8384030418250951
chr3	112746800	112747400	0.8740601503759399
chr3	113065200	113065800	0.2396694214876033
chr3	113218600	113219200	0.7178571428571429
chr3	113669400	113670000	0.5577689243027888
chr3	115442600	115443200	0.7132394366197183
chr3	117168800	117169400	0.6720516962843296
chr3	117776200	117776800	0.09611451942740286
chr3	119312000	119312600	0.3093980992608237
chr3	120740800	120742600	0.8844984802431611
chr3	123817200	123818000	0.7922490470139771
chr3	124166200	124166800	0.8664359861591695
chr3	125029600	125030200	0.765382403680276
chr3	126910800	126911400	0.7831978319783198
chr3	128446000	128446600	0.6003924133420536
chr3	128808000	128808600	0.7391732283464567
chr3	128966400	128967000	0.8419721871049305
chr3	135774400	135775000	0.8265460030165912
chr3	139188400	139189000	0.8201284796573876
chr3	151234000	151234600	0.8813339107838891
chr3	156966600	156967600	0.8245687841817417
chr3	159303000	159306400	0.4455144450076026
chr4	4028600	4029200	0.7190775681341719
chr4	6609200	6610000	0.7944325481798715
chr4	8135400	8136400	0.8364089775561098
chr4	10354000	10354800	0.7067901234567902
chr4	11400000	11401000	0.37091988130563797
chr4	12136600	12137600	0.8953435461853481
chr4	12959200	12959800	0.8107487367937529
chr4	14423800	14424400	0.8601769911504424
chr4	14984200	14984800	0.9314285714285714
chr4	15341400	15344000	0.863598844407759
chr4	16246600	16249200	0.7908917086737355
chr4	16810400	16811200	0.7649122807017544
chr4	16862800	16863400	0.6887661141804788
chr4	17065700	17066400	0.5350553505535055
chr4	20207000	20207600	0.8254620123203286
chr4	20919600	20920400	0.7447619047619047
chr4	22200600	22201200	0.8517200474495848
chr4	23421200	23424000	0.8473016315716079
chr4	25159200	25160000	0.8195548489666137
chr4	25188000	25189600	0.8572905894519132
chr4	32894000	32894800	0.6539923954372624
chr4	33301400	33302000	0.8813747228381374
chr4	35781200	35781800	0.7929773226042429
chr4	37224000	37225200	0.8202706152667858
chr4	37365800	37368400	0.822574410514109
chr4	38383600	38384200	0.03553299492385787
chr4	41637400	41639000	0.9375
chr4	43568000	43569200	0.9833620195065979
chr4	44264800	44265600	0.7972027972027972
chr4	50319700	50320400	0.8444924406047516
chr4	53126400	53127200	0.9285165257494236
chr4	54695600	54696200	0.8029739776951673
chr4	55402400	55403000	0.5688888888888889
chr4	55418800	55419600	0.889171165449349
chr4	60457800	60458800	0.8616953473550032
chr4	62991200	62991800	0.9786142001710864
chr4	65613100	65615200	0.29094449853943527
chr4	66681800	66682500	0.709140201394268
chr4	67916000	67916600	0.8220802919708029
chr4	69569600	69570200	0.7424071991001124
chr4	70815800	70816900	0.8036458333333333
chr4	70832200	70832800	0.8433451118963486
chr4	71915400	71916000	0.7820037105751392
chr4	74648800	74649400	0.824390243902439
chr4	77151800	77152400	0.4490272373540856
chr4	80928400	80930400	0.8676753121998079
chr4	82672000	82674000	0.7155348294957738
chr4	82791800	82792500	0.8220858895705522
chr4	88481200	88481800	0.8819875776397516
chr4	91068800	91069400	0.8215796897038082
chr4	91576200	91576800	0.7727272727272727
chr4	91654200	91655400	0.7965906473162866
chr4	92763800	92764400	0.8342541436464088
chr4	99731400	99732000	0.8158730158730159
chr4	103168800	103169400	0.88
chr4	110863200	110863800	0.9349397590361446
chr4	111271600	111273800	0.8402609956500725
chr4	113836400	113837000	0.6470588235294118
chr4	115194600	115195200	0.8013318534961155
chr4	117477800	117478400	0.8238172920065253
chr4	121378400	121379100	0.8416779431664412
chr4	122662600	122663200	0.8065454545454546
chr4	124549200	124549800	0.9798994974874372
chr4	125182200	125182800	0.9602272727272727
chr4	128483200	128483800	0.8533916849015317
chr4	128585400	128590000	0.9423988701704832
chr4	131012200	131013000	0.92534281361097
chr4	131495000	131495600	0.9529780564263323
chr4	131788200	131788800	0.9753191489361702
chr4	135802000	135802600	0.5515418502202644
chr4	138291800	138294000	0.9428658722884204
chr4	138706600	138707200	0.015748031496062992
chr4	139784200	139785000	0.9229691876750701
chr4	140458600	140462000	0.9128400116993273
chr4	140786000	140786800	0.9615806805708014
chr4	143579200	143579800	0.8553008595988538
chr4	143827200	143827800	0.7741935483870968
chr4	145572900	145573600	0.8958004420587307
chr4	150878200	150880300	0.03397612488521579
chr4	151144400	151145600	0.08104474745534856
chr4	151248800	151251800	0.9199671660168274
chr4	151876200	151876800	0.08660251665433012
chr4	153314600	153315200	0.9694444444444444
chr4	154112800	154113400	0.8653465346534653
chr4	155854800	155855400	0.9762752075919335
chr5	3436000	3437600	0.8761095612477808
chr5	3613600	3614300	0.39258690645904154
chr5	8759400	8760100	0.5234795996920708
chr5	11619000	11619800	0.8237100737100738
chr5	11963200	11964000	0.6649855907780979
chr5	16755400	16756000	0.7513007284079084
chr5	17682600	17684300	0.8669762813070161
chr5	26044000	26047200	0.8536086309523809
chr5	26929600	26930200	0.860655737704918
chr5	29408800	29409400	0.7577388963660835
chr5	29983200	29984000	0.8107311320754716
chr5	36966800	36968500	0.9799760191846523
chr5	37326200	37326800	0.9783670621074668
chr5	38673200	38674400	0.9787172850158182
chr5	38912000	38912600	0.7133676092544987
chr5	42661600	42662400	0.7237026647966339
chr5	45345600	45346200	0.8525252525252526
chr5	52918400	52919000	0.9382213170400543
chr5	53582400	53583000	0.976009139375476
chr5	55011000	55013200	0.8459677419354839
chr5	56128800	56129600	0.5970695970695971
chr5	58647000	58648700	0.8097014925373134
chr5	61292600	61294200	0.8574273197929112
chr5	61879000	61880200	0.8110808356039964
chr5	62138500	62139200	0.5007668711656442
chr5	63225600	63227900	0.8680034873583261
chr5	63727200	63727800	0.5490628445424476
chr5	64906400	64907000	0.9393203883495146
chr5	69426800	69428200	0.05571293673276676
chr5	69639800	69640800	0.8079034028540066
chr5	70002000	70002600	0.7880184331797235
chr5	70117200	70117800	0.6488027366020525
chr5	70561400	70562000	0.8442064264849075
chr5	73859600	73860200	0.7415196743554953
chr5	75653400	75655700	0.970341715022566
chr5	86594200	86595000	0.8580550098231827
chr5	87966400	87967000	0.548418024928092
chr5	90372400	90373000	0.3180873180873181
chr5	96672000	96672600	0.5013175230566534
chr5	97063800	97064400	0.979757085020243
chr5	97087000	97088100	0.22327672327672327
chr5	99943600	99944600	0.9757462686567164
chr5	100726600	100727200	0.20283533260632497
chr5	105811600	105813800	0.9753431313008624
chr5	109550000	109553400	0.022882237374321046
chr5	109971600	109972200	0.7637130801687764
chr5	112098400	112099000	0.4012345679012346
chr5	113623600	113625000	0.9691358024691358
chr5	114196400	114197200	0.9723557692307693
chr5	114802400	114804800	0.9406657018813314
chr5	116803400	116804000	0.9640718562874252
chr5	116981600	116982500	0.9567901234567902
chr5	117295800	117296400	0.8844361602982292
chr5	117707800	117708500	0.9758155230596175
chr5	118491600	118492200	0.9701492537313433
chr5	119440300	119441200	0.054404145077720206
chr5	124124600	124125200	0.9768835616438356
chr5	125035800	125036400	0.967436974789916
chr5	125785600	125788000	0.9455348380765456
chr5	128759300	128760200	0.9785223367697594
chr5	128781600	128782400	0.011284434118818453
chr5	129623400	129624000	0.07367185206926916
chr5	129657400	129658000	0.9824236817761333
chr5	129862400	129863000	0.974145891043398
chr5	131439400	131441000	0.24148714384989575
chr5	131554200	131554800	0.974025974025974
chr5	134076000	134076600	0.11247803163444639
chr5	134217000	134218000	0.027434842249657063
chr5	135348600	135352200	0.14397634885439764
chr5	141154600	141155200	0.9502407704654896
chr5	143758000	143758600	0.007119386637458927
chr5	143966600	143967900	0.981874676333506
chr5	144092200	144093000	0.8573573573573574
chr5	144555000	144556600	0.89587852494577
chr5	144621800	144623600	0.7878965922444183
chr5	146470000	146471000	0.978940650925335
chr5	148384800	148385400	0.981243830207305
chr6	3121000	3121600	0.08561020036429873
chr6	4092000	4093000	0.7702702702702703
chr6	4747200	4755600	0.025327186986700577
chr6	5476600	5477200	0.8558441558441559
chr6	5480000	5481000	0.8631578947368421
chr6	6626000	6627000	0.8609324758842444
chr6	7113000	7113600	0.8620283018867925
chr6	7460200	7461000	0.851985559566787
chr6	8334600	8335200	0.5272727272727272
chr6	11205200	11206200	0.7938044530493708
chr6	11378600	11379200	0.8462643678160919
chr6	11421200	11421800	0.7916251246261217
chr6	11864600	11865200	0.8634615384615385
chr6	11890800	11891400	0.8803317535545023
chr6	12775400	12776000	0.8491823137492429
chr6	14380000	14380800	0.5126811594202898
chr6	14929000	14929800	0.797886393659181
chr6	15457800	15458400	0.7926988265971316
chr6	18585400	18587800	0.8631895687061184
chr6	20528000	20528600	0.7477409638554217
chr6	24069000	24069800	0.6394066184861164
chr6	24717200	24718400	0.8587161736941472
chr6	26753200	26755000	0.7922487607030194
chr6	26992400	26993200	0.7767653758542141
chr6	28178000	28178800	0.843183609141056
chr6	30735200	30739400	0.005236051502145923
chr6	30929100	30929800	0.8695448146410136
chr6	33664800	33665600	0.8620867768595041
chr6	35964600	35965200	0.8130755064456722
chr6	38128200	38128800	0.9473684210526315
chr6	41926800	41928600	0.7763884850247165
chr6	42502200	42502800	0.9026315789473685
chr6	43131200	43131800	0.4468838526912181
chr6	46153400	46154000	0.7849702380952381
chr6	46226400	46227000	0.8195364238410596
chr6	47904200	47905600	0.00811649558367152
chr6	49971000	49971600	0.5451559934318555
chr6	50619600	50621600	0.22057084951866238
chr6	55496800	55497400	0.9678249678249679
chr6	56965800	56966600	0.7812128418549346
chr6	57052600	57053400	0.20081411126187246
chr6	58017600	58018200	0.027244582043343655
chr6	58712400	58713000	0.7933817594834544
chr6	58906200	58907400	0.009830818472793781
chr6	59911200	59911800	0.7898686679174484
chr6	60575600	60576200	0.7430865298840321
chr6	60897600	60898600	0.847265221878225
chr6	63922800	63925400	0.8600865800865801
chr6	66828600	66829200	0.7735674676524954
chr6	69802800	69803600	0.7678041543026706
chr6	70008400	70009000	0.8933962264150943
chr6	70019800	70020600	0.7795275590551181
chr6	74658800	74659400	0.7816901408450704
chr6	75343200	75343800	0.6774193548387096
chr6	76098200	76098800	0.9175977653631285
chr6	76618000	76618600	0.6502242152466368
chr6	78524800	78525900	0.8405172413793104
chr6	78938000	78939200	0.8423093494183541
chr6	80378800	80379600	0.8493219487694625
chr6	81336200	81339000	0.8069456427955134
chr6	82212400	82213000	0.8419847328244274
chr6	89322600	89323900	0.9730423620025674
chr6	89332700	89334200	0.9641401792991035
chr6	93068300	93069100	0.8766233766233766
chr6	96704400	96706800	0.836104513064133
chr6	99877800	99878600	0.8350720317933432
chr6	101150400	101152900	0.05134155184916606
chr6	101453800	101454400	0.8191318327974276
chr6	101825000	101825600	0.7627329192546584
chr6	104384800	104385800	0.7439613526570048
chr6	105426900	105427600	0.7450357426528992
chr6	118617600	118618200	0.9814550641940085
chr6	123243800	123244400	0.6869300911854104
chr6	123762200	123762800	0.7572944297082228
chr6	125249200	125252100	0.8937031787811298
chr6	129845800	129846600	0.20881226053639848
chr6	132642600	132643200	0.6981132075471698
chr6	133948600	133949200	0.4444444444444444
chr6	135732000	135734000	0.06282973621103118
chr6	136398200	136402000	0.26089494163424126
chr6	137621200	137621800	0.07914719626168225
chr6	137715800	137716400	0.8747903856903297
chr6	139768400	139769000	0.6097826086956522
chr6	141211000	141211600	0.78587319243604
chr6	142167800	142168700	0.8807382867960246
chr6	142202600	142203200	0.9604743083003953
chr6	142396600	142399600	0.930909617612978
chr6	142768600	142770800	0.9771883289124669
chr6	143464800	143465400	0.15974025974025974
chr6	148154600	148155400	0.9006870705808869
chr7	3961400	3962000	0.6647000983284169
chr7	6131800	6133400	0.015034767900770532
chr7	6677000	6678200	0.0692410119840213
chr7	6708400	6711700	0.5
chr7	6727200	6731400	0.005173210161662818
chr7	7043400	7044100	0.9106002554278416
chr7	7063400	7065100	0.8896051571313457
chr7	7761000	7761600	0.7031446540880503
chr7	10082600	10083200	0.08565601631543168
chr7	10296000	10296600	0.5981543624161074
chr7	11829800	11830800	0.7842639593908629
chr7	12566200	12566800	0.564927857935627
chr7	12970400	12971800	0.07583243823845327
chr7	13946000	13946800	0.7322142286171063
chr7	15280000	15280600	0.6355283307810107
chr7	15511200	15511800	0.6674445740956826
chr7	16771200	16772300	0.1865671641791045
chr7	17196600	17197200	0.810204081632653
chr7	23357600	23358600	0.09871244635193133
chr7	24034800	24035400	0.6187548039969254
chr7	24164200	24165000	0.7123840258168617
chr7	25865600	25866400	0.3355299286106535
chr7	26410800	26411400	0.6360017691287041
chr7	28099000	28099800	0.9826489300173511
chr7	28109600	28112200	0.8697115384615385
chr7	31687600	31688200	0.69
chr7	31963400	31964000	0.6567957479119211
chr7	32720400	32721200	0.6
chr7	35274800	35275800	0.021444417056938624
chr7	39837000	39837600	0.8577291381668947
chr7	42914400	42915000	0.8217821782178217
chr7	44079600	44080200	0.8880407124681934
chr7	46497600	46500400	0.9751829462297168
chr7	48386300	48387000	0.7817883511074651
chr7	49464400	49465200	0.9835796387520526
chr7	51329400	51330200	0.8253275109170306
chr7	52410800	52411800	0.3046808510638298
chr7	53621800	53622400	0.852760736196319
chr7	59864700	59866600	0.8385416666666666
chr7	60003000	60005400	0.007904473595694584
chr7	61406800	61407400	0.6889632107023411
chr7	67149800	67150400	0.9771092217135383
chr7	69595600	69596200	0.7971457696228338
chr7	69724000	69726200	0.8521679754182315
chr7	75865200	75865800	0.9808429118773946
chr7	79115500	79118200	0.9454261954261954
chr7	82540000	82540800	0.9578577699736611
chr7	83567600	83568200	0.0340080971659919
chr7	84719000	84719600	0.8231644260599793
chr7	86008800	86009700	0.29924242424242425
chr7	87902600	87904200	0.826289001991591
chr7	92341200	92341800	0.021638330757341576
chr7	92356000	92356600	0.7920193470374849
chr7	94795400	94796000	0.6423076923076924
chr7	95533000	95533600	0.7197558268590455
chr7	101464000	101464600	0.8719576719576719
chr7	106253200	106253800	0.8062283737024222
chr7	107951400	107952200	0.247377938517179
chr7	108026200	108028400	0.8461646136618141
chr7	109026200	109027000	0.9716981132075472
chr7	111232600	111233200	0.8448637316561844
chr7	117667200	117668000	0.9149501661129568
chr7	125505400	125506800	0.8956140350877193
chr7	127866200	127868400	0.7720323741007195
chr7	128685000	128689800	0.24186564394408017
chr7	131106000	131106600	0.9728370221327968
chr7	137127800	137130200	0.9312657166806371
chr7	137416200	137418400	0.895662368112544
chr7	138665400	138666200	0.9251940719830628
chr7	140027800	140029200	0.96280276816609
chr7	140738500	140741200	0.8657243816254417
chr7	142579900	142582200	0.9784804567413263
chr7	143294800	143296800	0.011321510870654243
chr7	143340400	143341000	0.9619921363040629
chr7	143677800	143678400	0.9575856443719413
chr7	143691600	143694600	0.983170947741364
chr7	144168200	144172200	0.974293059125964
chr8	3994000	3997400	0.041657833368666526
chr8	4808200	4808900	0.8157736303431667
chr8	5639600	5640800	0.03747473176799876
chr8	5784500	5785200	0.8627553693033002
chr8	6481400	6482100	0.777176852352623
chr8	9158600	9159200	0.0227765726681128
chr8	9783200	9785600	0.9033874045801527
chr8	10756200	10756800	0.860064585575888
chr8	12238400	12239000	0.6696535244922341
chr8	12746200	12746800	0.9558638083228247
chr8	12969200	12970200	0.9720580333154218
chr8	13268200	13269000	0.9866666666666667
chr8	13746400	13749600	0.5235936534102617
chr8	14822300	14823000	0.9465104431991849
chr8	15095200	15095800	0.8858647936786654
chr8	15154400	15155200	0.8696498054474708
chr8	17190200	17191000	0.7447207883622712
chr8	18264800	18265400	0.8783140720598233
chr8	19314400	19315200	0.671264367816092
chr8	19529400	19530000	0.8566221142162819
chr8	20129200	20129800	0.9052912405513561
chr8	21272000	21273000	0.318448883666275
chr8	21359200	21359800	0.6710526315789473
chr8	21602100	21602700	0.7984496124031008
chr8	21711200	21711800	0.7394438722966015
chr8	22052800	22053400	0.8832028898254064
chr8	22535200	22535800	0.950632149307646
chr8	28619400	28620200	0.8066337332392378
chr8	28904000	28904800	0.8640132669983416
chr8	33487600	33488200	0.9076305220883534
chr8	35089400	35090000	0.8927536231884058
chr8	36304400	36305000	0.8836944127708096
chr8	38287400	38288000	0.6998011928429424
chr8	38950000	38950600	0.7717391304347826
chr8	39729600	39730400	0.8523442967109867
chr8	40844000	40844600	0.8224543080939948
chr8	40883200	40884000	0.7496671105193076
chr8	43977400	43978200	0.6992570579494799
chr8	45023400	45025600	0.9798243073655758
chr8	45039900	45041000	0.9805269186712485
chr8	46158800	46159600	0.9035567715458276
chr8	46378400	46379200	0.8303516347933374
chr8	48228300	48229400	0.013010480664980123
chr8	48235600	48236200	0.9638605442176871
chr8	48276100	48276900	0.6737419508704985
chr8	49981600	49983000	0.8361344537815126
chr8	52061200	52062000	0.708779443254818
chr8	52657600	52658200	0.8905109489051095
chr8	54317200	54317800	0.9204545454545454
chr8	55395200	55396000	0.8978273634762184
chr8	57503800	57504400	0.03654970760233918
chr8	62330800	62331400	0.8135818908122503
chr8	63683000	63683800	0.8563611491108071
chr8	65184600	65185300	0.6690140845070423
chr8	65305400	65306000	0.7105263157894737
chr8	67781800	67782400	0.873589164785553
chr8	68847800	68848400	0.18783930510314875
chr8	70375500	70378200	0.04874651810584958
chr8	73962000	73962600	0.6463414634146342
chr8	78588200	78590000	0.9627329192546584
chr8	79315000	79315600	0.9016697588126159
chr8	80521400	80522000	0.9573712255772646
chr8	81195800	81196400	0.8727678571428571
chr8	83479600	83480200	0.7785904255319149
chr8	84994600	84995200	0.9341692789968652
chr8	85510000	85510600	0.9860257126886529
chr8	91409000	91410200	0.9429657794676806
chr8	93298600	93299400	0.7032719067318541
chr8	95293000	95294200	0.323746918652424
chr8	96507200	96507800	0.8155080213903744
chr8	98698700	98699900	0.8402565668906536
chr8	99466000	99466800	0.8006218422075398
chr8	101710600	101711400	0.7809621289662231
chr8	102147200	102148800	0.8579031399680681
chr8	102365300	102366000	0.6177581863979849
chr8	102953400	102954000	0.8241860465116279
chr8	106424800	106425700	0.9738562091503268
chr8	110087400	110090000	0.7408893346706787
chr8	110108000	110110200	0.980844793713163
chr8	112483800	112484400	0.8470042796005706
chr8	113035200	113035800	0.13613861386138615
chr8	119372800	119373600	0.9192100538599641
chr8	120338000	120339800	0.9735888140859659
chr8	120611600	120612200	0.8190854870775348
chr8	121045200	121045800	0.8333333333333334
chr8	122260800	122267200	0.9638443935926774
chr8	122860600	122867200	0.6245727307254083
chr8	123420800	123421600	0.2696831100947403
chr8	124679400	124684800	0.9372988569526135
chr8	125753000	125754000	0.9701492537313433
chr8	129102200	129102800	0.822257806244996
chr9	3501400	3502000	0.8195819581958196
chr9	3807600	3808300	0.7616534740545294
chr9	5057400	5058000	0.7417461482024945
chr9	5364800	5365400	0.7690288713910761
chr9	5396600	5397400	0.8802642444260942
chr9	5642300	5643600	0.854004576659039
chr9	6073200	6073800	0.9000805801772764
chr9	8477400	8478000	0.828706438275251
chr9	9331800	9334200	0.8305144467935166
chr9	11341800	11342400	0.6591549295774648
chr9	13743800	13744600	0.9243765084473049
chr9	18796600	18797400	0.769155206286837
chr9	19288400	19289000	0.5124135124135124
chr9	19928000	19928600	0.20619396903015486
chr9	22090600	22091200	0.7585034013605442
chr9	23608000	23609000	0.7776834959694527
chr9	24706400	24707800	0.8800557880055788
chr9	26751400	26752000	0.9285714285714286
chr9	27333100	27335600	0.5577299412915852
chr9	29705800	29706400	0.49369217830109335
chr9	30830000	30830800	0.49703138252756573
chr9	31734800	31735400	0.7912995594713657
chr9	32321800	32322600	0.3968871595330739
chr9	39029000	39029600	0.7366609294320138
chr9	40040600	40041200	0.7302752293577982
chr9	40207400	40208000	0.9794520547945206
chr9	41976600	41977200	0.6636636636636637
chr9	44121200	44121800	0.9814502529510961
chr9	57840900	57841600	0.9249771271729186
chr9	60539100	60540200	0.9149914821124361
chr9	75709000	75709600	0.8613013698630136
chr9	75978800	75979400	0.7613168724279835
chr9	76689400	76690000	0.877496671105193
chr9	77473400	77474000	0.8675862068965517
chr9	78931800	78932400	0.9068577277379734
chr9	79540600	79543600	0.797237180988059
chr9	84852000	84852600	0.8003820439350525
chr9	88001800	88002400	0.8743083003952569
chr9	89469200	89469800	0.9686746987951808
chr9	89879400	89882000	0.702665910380034
chr9	93049600	93050600	0.8301574150787076
chr9	96665400	96667400	0.8682910767204478
chr9	98348600	98350200	0.967948717948718
chr9	99599800	99600400	0.26163391933815927
chr9	101448400	101449000	0.00980392156862745
chr9	103721000	103721600	0.9388753056234719
chr9	114033600	114034400	0.8686679174484052
chr9	121040800	121042500	0.7243836055075248
