chr1	3878000	3878600	0.27230046948356806
chr1	4921800	4922400	0.5572232645403377
chr1	5040400	5041000	0.49645390070921985
chr1	5047000	5047600	0.3317757009345794
chr1	5071800	5073000	0.44467532467532467
chr1	5423200	5423800	0.4424778761061947
chr1	6012800	6013400	0.30116959064327486
chr1	10805000	10806000	0.0618921308576481
chr1	13514300	13515200	0.47477064220183485
chr1	15020200	15020800	0.45149253731343286
chr1	15862300	15863000	0.45472061657032753
chr1	15917600	15918200	0.5300859598853869
chr1	16711600	16713700	0.4423820572312452
chr1	17239200	17240000	0.23076923076923078
chr1	17685600	17686400	0.45663956639566394
chr1	17903400	17904200	0.3447814451382694
chr1	19009200	19009800	0.3498233215547703
chr1	19398600	19399200	0.47335423197492166
chr1	22061000	22061600	0.4386317907444668
chr1	22158000	22158600	0.3917808219178082
chr1	30165400	30166000	0.5880829015544041
chr1	30573800	30576000	0.4132762312633833
chr1	31300800	31301400	0.414050822122571
chr1	31383800	31384400	0.40771349862258954
chr1	31454200	31454900	0.437219730941704
chr1	33407400	33408200	0.2761008031016339
chr1	35896400	35899200	0.4394904458598726
chr1	37200400	37201000	0.19487179487179487
chr1	37874900	37875800	0.09803921568627451
chr1	38299200	38299800	0.48863636363636365
chr1	38315200	38315800	0.07380073800738007
chr1	39519200	39519800	0.35106382978723405
chr1	40014000	40014600	0.21626297577854672
chr1	40457800	40458600	0.3158319870759289
chr1	41071800	41072400	0.48863636363636365
chr1	41213600	41214200	0.22519083969465647
chr1	41467800	41468400	0.1704697986577181
chr1	46473200	46473800	0.24019607843137256
chr1	46501400	46502000	0.25783132530120484
chr1	48466800	48469000	0.3464052287581699
chr1	49417700	49419400	0.34513274336283184
chr1	49474400	49475200	0.3394919168591224
chr1	49834000	49834600	0.3806818181818182
chr1	52991800	52992400	0.3279279279279279
chr1	57542000	57542600	0.6324786324786325
chr1	60901000	60901600	0.364741641337386
chr1	63198700	63201000	0.019441069258809233
chr1	65417600	65418600	0.39455252918287936
chr1	65570600	65571200	0.5223880597014925
chr1	69831400	69832000	0.3425728500355366
chr1	72380000	72382000	0.2604501607717042
chr1	76311900	76312600	0.4676328502415459
chr1	83446600	83447200	0.43465045592705165
chr1	83673000	83673600	0.33
chr1	84685800	84689600	0.3685837971552257
chr1	84973800	84974400	0.34657039711191334
chr1	88265800	88266600	0.16791538122520935
chr1	89143500	89146000	0.18446310737852428
chr1	89887400	89888000	0.11038961038961038
chr1	91356900	91357600	0.05426356589147287
chr1	92527000	92528600	0.4215867158671587
chr1	92847600	92850800	0.03762135922330097
chr1	92919000	92920200	0.13411078717201166
chr1	96115400	96116000	0.2850678733031674
chr1	98110000	98110800	0.3491847826086957
chr1	100986200	100987200	0.31476997578692495
chr1	101040000	101040600	0.39628040057224606
chr1	101291200	101291800	0.24838709677419354
chr1	102111200	102111800	0.2
chr1	103746300	103747600	0.3115468409586057
chr1	106637600	106638200	0.4028776978417266
chr1	109251200	109251800	0.21564885496183206
chr1	112331800	112332600	0.3153526970954357
chr1	117089200	117091200	0.37357774968394436
chr1	118864600	118865200	0.11229946524064172
chr1	120994000	120994600	0.33134920634920634
chr1	125096800	125097400	0.5223613595706619
chr1	129436400	129437200	0.37993079584775086
chr1	130199400	130200200	0.4011220196353436
chr1	130685800	130686800	0.30179445350734097
chr1	131736200	131736800	0.11811023622047244
chr1	133729400	133732000	0.11848341232227488
chr1	139975800	139976400	0.1902834008097166
chr1	145807400	145808000	0.14666666666666667
chr1	147592000	147592600	0.4212290502793296
chr1	148131400	148132000	0.22040816326530613
chr1	154472000	154472600	0.09427609427609428
chr1	164224800	164226600	0.3387438249823571
chr1	165655400	165657400	0.2568888888888889
chr1	169112800	169113600	0.3768996960486322
chr1	172541000	172541600	0.02494802494802495
chr1	173988000	173988600	0.40273037542662116
chr1	174787200	174788000	0.37563025210084033
chr1	181713600	181715600	0.41408934707903783
chr1	182872200	182872800	0.464
chr1	183357000	183359000	0.16583747927031509
chr1	185076400	185077000	0.48366013071895425
chr1	187337800	187338400	0.24293785310734464
chr1	187392600	187393800	0.3348821772319947
chr1	189460000	189460600	0.2532299741602067
chr10	3446900	3447600	0.45788667687595713
chr10	4794400	4795000	0.4186046511627907
chr10	5963000	5963800	0.351270553064275
chr10	6221200	6222000	0.4756944444444444
chr10	6514400	6515200	0.09523809523809523
chr10	10593200	10594500	0.3961352657004831
chr10	13089600	13092100	0.029685264663805437
chr10	13127000	13128000	0.21014492753623187
chr10	18531400	18532000	0.04728950403690888
chr10	18716200	18717000	0.4
chr10	20294400	20295000	0.3443223443223443
chr10	23480800	23481600	0.40167046317388005
chr10	23501000	23501600	0.3450570342205323
chr10	23659200	23660000	0.3
chr10	25026800	25027400	0.31496062992125984
chr10	28907300	28908100	0.36451612903225805
chr10	29076800	29077400	0.32917705735660846
chr10	29723800	29724400	0.21105527638190955
chr10	30058200	30058800	0.5018382352941176
chr10	31080600	31081200	0.1796875
chr10	32527600	32528200	0.45854483925549916
chr10	33685800	33688200	0.41889483065953653
chr10	38224200	38225000	0.40306946688206785
chr10	39140800	39142800	0.1407766990291262
chr10	40050400	40051000	0.3359375
chr10	40645900	40648000	0.32558139534883723
chr10	47219600	47221800	0.36421725239616615
chr10	47732800	47733400	0.4908616187989556
chr10	48290800	48291500	0.3142857142857143
chr10	50447000	50447600	0.446064139941691
chr10	51444400	51445100	0.3491912464319695
chr10	52114600	52115200	0.34796747967479674
chr10	52502800	52503400	0.2796352583586626
chr10	53194600	53195200	0.44660194174757284
chr10	60305800	60306400	0.48031496062992124
chr10	62367200	62368000	0.4764621968616263
chr10	63076000	63076800	0.14439655172413793
chr10	64622000	64623800	0.37554585152838427
chr10	68035600	68036800	0.22317073170731708
chr10	68243700	68245800	0.35135135135135137
chr10	69986200	69993500	0.1390265599186682
chr10	72690600	72691400	0.4921090387374462
chr10	74243200	74244000	0.38017565872020076
chr10	78905400	78906000	0.07692307692307693
chr10	81799400	81802600	0.4452088452088452
chr10	81958200	81961900	0.41318907779495107
chr10	83652200	83652800	0.22291407222914073
chr10	83844200	83844800	0.3694581280788177
chr10	85211000	85211600	0.6192468619246861
chr10	85658000	85658800	0.20261437908496732
chr10	86848400	86849000	0.18862275449101795
chr10	88625000	88625800	0.28185328185328185
chr10	90471400	90474000	0.4189274447949527
chr10	91585200	91587000	0.43754410726887794
chr10	97541600	97542200	0.35086206896551725
chr10	98090200	98090800	0.38804347826086955
chr10	98794200	98794800	0.6086956521739131
chr10	100646400	100647000	0.3148558758314856
chr10	101423600	101424200	0.5614035087719298
chr10	101923600	101924200	0.21266968325791855
chr10	102323500	102324200	0.5005537098560354
chr10	103518600	103519200	0.37888198757763975
chr10	112812200	112813000	0.3660130718954248
chr10	116455400	116456200	0.5034246575342466
chr10	119498200	119498800	0.4888268156424581
chr10	121266700	121267800	0.08121827411167512
chr10	122815000	122815700	0.11543624161073826
chr10	129816400	129818600	0.2677878395860285
chr10	130201000	130201600	0.2371967654986523
chr10	130473200	130473800	0.37336244541484714
chr11	3133600	3136000	0.12988916368965833
chr11	4013200	4016200	0.33236994219653176
chr11	5202200	5204000	0.20614035087719298
chr11	5457100	5458400	0.1655982905982906
chr11	5535400	5536000	0.29822834645669294
chr11	5808000	5809800	0.3275663206459054
chr11	7401600	7402200	0.21621621621621623
chr11	8399600	8400200	0.24489795918367346
chr11	10216800	10217400	0.39800995024875624
chr11	10674000	10674800	0.31832298136645965
chr11	12025200	12027200	0.041110517885744796
chr11	12905800	12906600	0.36243386243386244
chr11	13351600	13352200	0.3095652173913043
chr11	15729200	15730000	0.3301104972375691
chr11	16048800	16049600	0.3881578947368421
chr11	16358800	16359600	0.346483704974271
chr11	17098800	17099400	0.4342629482071713
chr11	17912800	17913400	0.30357142857142855
chr11	19720600	19721200	0.09786476868327403
chr11	20017200	20023800	0.06442985655239485
chr11	25080000	25080600	0.33047210300429186
chr11	25370200	25371000	0.3656716417910448
chr11	29580200	29580800	0.2896825396825397
chr11	30318200	30319200	0.3408769448373409
chr11	32209400	32210400	0.4049429657794677
chr11	35875400	35876000	0.3269565217391304
chr11	40634000	40634600	0.39730639730639733
chr11	40650200	40652200	0.4124293785310734
chr11	42908400	42909000	0.41761363636363635
chr11	45769600	45770200	0.3529937444146559
chr11	48744600	48745200	0.312625250501002
chr11	51941800	51944000	0.39244851258581237
chr11	53578600	53580200	0.10764872521246459
chr11	53966000	53966600	0.49429657794676807
chr11	55252000	55254000	0.25806451612903225
chr11	58316100	58317600	0.0844240837696335
chr11	58708800	58709600	0.22044728434504793
chr11	67219000	67221200	0.26301853486319504
chr11	68604000	68604600	0.3950413223140496
chr11	69825200	69827600	0.44171779141104295
chr11	83217600	83218400	0.425531914893617
chr11	88664600	88665200	0.3449612403100775
chr11	89909800	89910600	0.36515513126491644
chr11	92129100	92131600	0.4097954122752635
chr11	92249400	92250000	0.32335329341317365
chr11	92862000	92862600	0.30491803278688523
chr11	94745400	94746000	0.2678100263852243
chr11	95763400	95764200	0.16308470290771176
chr11	95854800	95855400	0.36910994764397903
chr11	99824700	99826600	0.3691275167785235
chr11	101398800	101399500	0.631055900621118
chr11	101740000	101740600	0.2478386167146974
chr11	103805000	103805600	0.569078947368421
chr11	107724200	107724800	0.03840472673559823
chr11	108039600	108040500	0.04734411085450346
chr11	108061800	108062800	0.18989547038327526
chr11	114566000	114566600	0.164021164021164
chr11	115062400	115063000	0.4849624060150376
chr11	117898200	117899500	0.3894993894993895
chr11	118079400	118081800	0.20977011494252873
chr11	118387600	118388200	0.3018335684062059
chr11	118861600	118862200	0.4521452145214521
chr11	120116600	120117200	0.24
chr12	3108400	3109000	0.2602739726027397
chr12	5094600	5096700	0.1301775147928994
chr12	10832800	10833400	0.32408759124087594
chr12	10999200	11000000	0.2153846153846154
chr12	13434400	13437400	0.08740204942736589
chr12	13662000	13662600	0.3729792147806005
chr12	17215600	17216200	0.22033898305084745
chr12	17786000	17786800	0.13282571912013535
chr12	18259400	18260000	0.23383084577114427
chr12	23907000	23907600	0.555984555984556
chr12	24084300	24085200	0.3923643054277829
chr12	24141200	24141800	0.3724137931034483
chr12	32926600	32927200	0.25252525252525254
chr12	33364200	33365600	0.06211936662606577
chr12	37602800	37603400	0.44422700587084146
chr12	38048000	38049200	0.3868046571798189
chr12	42598600	42599200	0.35294117647058826
chr12	42666600	42667200	0.351129363449692
chr12	43567600	43571000	0.3391228831958315
chr12	46252400	46255000	0.35150375939849626
chr12	47329400	47331200	0.3672945205479452
chr12	47983600	47984200	0.3333333333333333
chr12	48554600	48555200	0.3157894736842105
chr12	54565200	54565800	0.2826086956521739
chr12	56644000	56646000	0.26697892271662765
chr12	58601600	58602200	0.41836734693877553
chr12	58770000	58770600	0.2569832402234637
chr12	58863600	58864200	0.3844731977818854
chr12	59652000	59652600	0.23800738007380073
chr12	61628600	61629200	0.39921722113502933
chr12	66200800	66201800	0.4195804195804196
chr12	68701000	68701600	0.3391959798994975
chr12	74125800	74126600	0.015463917525773196
chr12	74367200	74367800	0.3914209115281501
chr12	74807600	74808400	0.45257452574525747
chr12	80168000	80172000	0.11797491871806781
chr12	81372200	81373300	0.2991573033707865
chr12	81772600	81773200	0.29108635097493035
chr12	82565600	82566600	0.3807531380753138
chr12	84994000	84994600	0.5
chr12	85519000	85519600	0.09422492401215805
chr12	90476600	90477200	0.3333333333333333
chr12	91811400	91812000	0.2521551724137931
chr12	95249200	95249800	0.3869565217391304
chr12	96138800	96141600	0.35751633986928105
chr12	96865000	96865600	0.33579335793357934
chr12	98612800	98613800	0.3826429980276134
chr12	99148000	99148800	0.2678787878787879
chr12	99732800	99733400	0.4843304843304843
chr12	99817800	99818400	0.011235955056179775
chr12	104567100	104568600	0.058491895701198025
chr12	109264800	109265400	0.40165631469979296
chr12	109526400	109528800	0.4057891862370289
chr12	109870300	109871600	0.11197663096397274
chr12	112020100	112021200	0.34124293785310733
chr12	113127400	113128000	0.14560439560439561
chr12	119772600	119773200	0.46272493573264784
chr13	3102500	3103500	0.41088180112570355
chr13	3138600	3140000	0.03072289156626506
chr13	3162700	3163300	0.62
chr13	6184000	6184800	0.4629981024667932
chr13	6846200	6846800	0.28191489361702127
chr13	8441400	8442000	0.2194513715710723
chr13	10301800	10302400	0.4426787741203178
chr13	12956200	12957000	0.19873817034700317
chr13	13047000	13047600	0.1826086956521739
chr13	14400800	14402600	0.39046199701937406
chr13	14781200	14782700	0.4489208633093525
chr13	14852000	14852600	0.24507042253521127
chr13	15887000	15887600	0.2828282828282828
chr13	16622000	16622600	0.33840304182509506
chr13	17821000	17821600	0.5112540192926045
chr13	18045600	18046200	0.1989795918367347
chr13	18740600	18741200	0.49049429657794674
chr13	19439000	19439600	0.27228327228327226
chr13	21650400	21652400	0.43718949609652236
chr13	22173600	22174200	0.28095238095238095
chr13	22282900	22283600	0.38781575037147104
chr13	23329200	23329800	0.38801261829652994
chr13	23375600	23376200	0.23541666666666666
chr13	29541800	29542400	0.20938628158844766
chr13	31738400	31739000	0.4357298474945534
chr13	33853000	33853600	0.35607675906183367
chr13	33882800	33883400	0.43133462282398455
chr13	34140400	34142000	0.4096045197740113
chr13	34470600	34471400	0.3422680412371134
chr13	36828200	36828800	0.2329192546583851
chr13	41058200	41058800	0.4366863905325444
chr13	41311600	41312200	0.1016949152542373
chr13	41787400	41788000	0.3615023474178404
chr13	41930600	41931200	0.3241106719367589
chr13	42156600	42159100	0.12179887570268583
chr13	45566600	45568000	0.13866666666666666
chr13	47009200	47011400	0.11449676823638043
chr13	48585800	48587200	0.15331010452961671
chr13	51086600	51087200	0.47266881028938906
chr13	52905700	52908000	0.15164728682170542
chr13	53555800	53558000	0.43651626442812175
chr13	64931800	64932600	0.20855614973262032
chr13	65323800	65324600	0.37236533957845436
chr13	66473000	66473600	0.2357473035439137
chr13	71381200	71382000	0.31937481568858744
chr13	74417600	74419200	0.2660069848661234
chr13	76478000	76478600	0.16153846153846155
chr13	78261000	78261600	0.44095477386934673
chr13	84536800	84538400	0.3204983012457531
chr13	85329200	85330200	0.437941473259334
chr13	86305500	86306100	0.4891640866873065
chr13	96707800	96708600	0.4289772727272727
chr13	99324200	99324800	0.08480565371024736
chr13	100223900	100225200	0.49354207436399217
chr13	102736600	102737800	0.05942622950819672
chr13	107432000	107433000	0.4351851851851852
chr13	110020000	110020600	0.2509881422924901
chr13	111755400	111756100	0.2745398773006135
chr13	112349600	112350200	0.2325056433408578
chr13	116837000	116837600	0.3948220064724919
chr14	3278200	3280200	0.36127167630057805
chr14	5993400	5994200	0.38461538461538464
chr14	6235800	6236500	0.42938659058487877
chr14	10274200	10274800	0.3548387096774194
chr14	10954800	10955400	0.38345864661654133
chr14	13933000	13934000	0.3185595567867036
chr14	14243400	14244400	0.4348894348894349
chr14	14248400	14249200	0.3422680412371134
chr14	14582200	14582800	0.3081967213114754
chr14	16907600	16908200	0.27288135593220336
chr14	17005600	17006400	0.3641456582633053
chr14	17320600	17321200	0.45522717247463607
chr14	25531800	25532400	0.15604395604395604
chr14	27576800	27577400	0.3027027027027027
chr14	32863400	32864000	0.3057757644394111
chr14	37942800	37943600	0.5
chr14	44223200	44223800	0.3125
chr14	52874400	52875000	0.3854748603351955
chr14	53895800	53896400	0.297423887587822
chr14	60759200	60762000	0.22056384742951907
chr14	62952800	62953400	0.09451219512195122
chr14	63462100	63462800	0.18958611481975968
chr14	68120200	68122000	0.3963963963963964
chr14	68811400	68813200	0.2823920265780731
chr14	69244400	69245400	0.06818181818181818
chr14	72037400	72038200	0.23493044822256567
chr14	72442800	72443400	0.2764976958525346
chr14	82893200	82894000	0.42002442002442003
chr14	90345400	90346200	0.34843205574912894
chr14	91819000	91819600	0.5842293906810035
chr14	92410000	92412400	0.2967660114140774
chr14	97116400	97117200	0.4561186650185414
chr14	99649200	99649800	0.3592592592592593
chr14	101198200	101198800	0.20307692307692307
chr14	102131000	102131600	0.40030911901081917
chr14	104986800	104987400	0.4963855421686747
chr14	106003600	106005400	0.34972067039106147
chr14	107465600	107466200	0.5544303797468354
chr14	108647500	108650000	0.44661921708185054
chr14	109011000	109012600	0.46774193548387094
chr14	110553000	110553600	0.5161290322580645
chr14	112083000	112083800	0.26498422712933756
chr14	112216000	112216600	0.3383838383838384
chr14	112396000	112397000	0.3827558420628525
chr14	118489000	118490600	0.05970149253731343
chr14	118515200	118515800	0.3
chr14	118879000	118880900	0.19373401534526855
chr14	120195800	120196400	0.42744063324538256
chr14	121233700	121234500	0.3065953654188948
chr14	123821000	123821600	0.35980551053484605
chr15	3118800	3119400	0.40672782874617736
chr15	3156600	3157200	0.2217573221757322
chr15	3887600	3888400	0.43293347873500543
chr15	4607800	4608400	0.3674911660777385
chr15	6680000	6683800	0.34833948339483395
chr15	9557000	9557800	0.4044526901669759
chr15	9643400	9644000	0.43253968253968256
chr15	16309200	16309800	0.24145299145299146
chr15	18125500	18127800	0.4422187981510015
chr15	19403100	19404600	0.3719582850521437
chr15	21875600	21876200	0.21711899791231734
chr15	21889600	21890900	0.47067039106145253
chr15	22487800	22488600	0.30326594090202175
chr15	23823800	23825200	0.4105793450881612
chr15	24648400	24649000	0.3665254237288136
chr15	27025200	27025800	0.005387931034482759
chr15	29737000	29737600	0.43197278911564624
chr15	33269600	33270400	0.4192377495462795
chr15	33867400	33868200	0.3030646992054484
chr15	36483300	36483900	0.16129032258064516
chr15	37759300	37760200	0.3292999135695765
chr15	49279800	49282800	0.3647316538882804
chr15	50572400	50573200	0.3471337579617834
chr15	52845000	52845600	0.24476797088262056
chr15	57413200	57414000	0.3058984910836763
chr15	57822000	57823800	0.12938596491228072
chr15	60172000	60172600	0.45979899497487436
chr15	65268200	65271100	0.49896907216494846
chr15	67911000	67912000	0.3360655737704918
chr15	68180400	68181000	0.3034379671150972
chr15	68368200	68368800	0.3595217762596072
chr15	72806600	72811400	0.05013868145935566
chr15	75013000	75013600	0.5271565495207667
chr15	75031000	75032600	0.32233223322332233
chr15	75040400	75041000	0.583554376657825
chr15	75523400	75524000	0.22934232715008432
chr15	79258200	79262300	0.20893336587747133
chr15	83698800	83701200	0.39751552795031053
chr15	83791800	83792600	0.3381294964028777
chr15	86549000	86549600	0.32280701754385965
chr15	86568400	86569000	0.06432748538011696
chr15	92767200	92768000	0.06268958543983821
chr15	97058500	97059600	0.053125
chr15	97486400	97487200	0.413961038961039
chr15	97793400	97794200	0.21052631578947367
chr15	99867200	99869100	0.1111111111111111
chr15	101063600	101064200	0.47794117647058826
chr15	101194600	101195200	0.19637883008356546
chr15	103888600	103889200	0.32612966601178783
chr16	4858200	4860000	0.3981762917933131
chr16	5525000	5525600	0.5102040816326531
chr16	14878400	14879000	0.3152454780361757
chr16	15434000	15434600	0.3860759493670886
chr16	18083400	18084000	0.17755443886097153
chr16	19069700	19070400	0.4120603015075377
chr16	21028200	21028800	0.44594594594594594
chr16	21612800	21613600	0.07435897435897436
chr16	25190700	25191400	0.45878136200716846
chr16	28621800	28622800	0.450261780104712
chr16	28853800	28857000	0.38466453674121404
chr16	31050400	31051000	0.1529745042492918
chr16	31156000	31156900	0.08912655971479501
chr16	42003200	42003800	0.5271186440677966
chr16	42657000	42657600	0.32345013477088946
chr16	44473800	44474400	0.4112903225806452
chr16	45055800	45056600	0.45790554414784396
chr16	46362400	46363600	0.2576617480136209
chr16	47187800	47188400	0.3080260303687636
chr16	47300600	47301400	0.3337034980566352
chr16	48267800	48268400	0.10097719869706841
chr16	48497000	48498000	0.3510971786833856
chr16	50773400	50775600	0.36363636363636365
chr16	52707000	52707600	0.4472843450479233
chr16	53192400	53193000	0.4250614250614251
chr16	54003000	54003800	0.3588709677419355
chr16	54507400	54508000	0.3691275167785235
chr16	56038600	56042000	0.3954823889739663
chr16	57878200	57878800	0.3172690763052209
chr16	58249400	58250000	0.2974559686888454
chr16	60884000	60884800	0.37300613496932516
chr16	62345000	62345800	0.468063872255489
chr16	64572200	64573200	0.4750346740638003
chr16	65031600	65033000	0.45760743321718933
chr16	67391000	67391600	0.5080091533180778
chr16	68529200	68530000	0.1458966565349544
chr16	69163200	69164200	0.4027538726333907
chr16	70947400	70948000	0.2361411087113031
chr16	71976000	71976800	0.2675438596491228
chr16	76403200	76403800	0.1759927797833935
chr16	77814600	77815400	0.3230721393034826
chr16	77938000	77938600	0.41632088520055327
chr16	80268100	80269500	0.39330543933054396
chr16	85644000	85644600	0.008771929824561403
chr16	88754800	88755400	0.32661290322580644
chr16	89963100	89964600	0.12518991188088727
chr16	90049600	90050200	0.06313993174061433
chr16	91456200	91457800	0.39838854073410923
chr16	91990700	91991600	0.3858974358974359
chr16	94832800	94833400	0.2562893081761006
chr16	95718800	95719400	0.11851851851851852
chr16	95815600	95816200	0.18874172185430463
chr16	97352000	97352800	0.40261153427638735
chr17	4339800	4340400	0.24561403508771928
chr17	6739400	6741400	0.0740276035131744
chr17	8001000	8006000	0.1644699140401146
chr17	10974200	10974800	0.23932926829268292
chr17	12741200	12743000	0.14187248707639288
chr17	14013600	14014600	0.37733499377334995
chr17	16625000	16625600	0.4011379800853485
chr17	17274800	17275400	0.31654676258992803
chr17	18841600	18842400	0.42263610315186245
chr17	19042400	19043000	0.5065502183406113
chr17	20143500	20144700	0.4007421150278293
chr17	20570800	20571400	0.19169329073482427
chr17	22055800	22058800	0.35992691839220464
chr17	22623600	22624400	0.33716750539180446
chr17	23908000	23909000	0.31521739130434784
chr17	30499400	30500000	0.375
chr17	32016400	32017000	0.4652014652014652
chr17	32069800	32070400	0.45794392523364486
chr17	32587400	32588000	0.09621993127147767
chr17	34044400	34046400	0.2057877813504823
chr17	34398600	34399400	0.022788203753351208
chr17	35281200	35282600	0.3748657357679914
chr17	35363400	35364000	0.5660377358490566
chr17	37730800	37731600	0.44974874371859297
chr17	38897600	38898200	0.2
chr17	38982200	38983200	0.29133858267716534
chr17	40645600	40646200	0.27586206896551724
chr17	41603400	41604000	0.3674418604651163
chr17	45196600	45197200	0.5125858123569794
chr17	49281200	49281800	0.3047337278106509
chr17	50177600	50178200	0.491588785046729
chr17	52988400	52989000	0.28512820512820514
chr17	53983800	53985100	0.4012987012987013
chr17	54552000	54552600	0.3659942363112392
chr17	55557800	55558400	0.3123844731977819
chr17	60275600	60276200	0.19791666666666666
chr17	60745600	60746300	0.4326923076923077
chr17	62402200	62402800	0.437719298245614
chr17	67811100	67813100	0.1547314578005115
chr17	69285900	69289200	0.16672
chr17	73827000	73830400	0.17829119442022667
chr17	77797600	77798200	0.4774193548387097
chr17	84629600	84630200	0.4132841328413284
chr17	85737200	85738000	0.3626373626373626
chr17	87133600	87135200	0.07420042643923241
chr17	90478800	90479600	0.3278084714548803
chr17	91271800	91272800	0.3228346456692913
chr17	91359200	91359800	0.3122923588039867
chr17	92040600	92041200	0.27626459143968873
chr17	92103600	92104400	0.31675874769797424
chr17	92997800	92998400	0.2898550724637681
chr17	93403900	93404600	0.3283582089552239
chr17	94500800	94501400	0.4696969696969697
chr18	3227200	3227800	0.45525291828793774
chr18	3711600	3712200	0.6027397260273972
chr18	3873200	3875200	0.35474452554744523
chr18	7274200	7275000	0.3290909090909091
chr18	7771200	7771800	0.4491279069767442
chr18	7816800	7817400	0.358974358974359
chr18	11746600	11747400	0.2804642166344294
chr18	12972600	12974800	0.1317614424410541
chr18	13172800	13173400	0.4569805194805195
chr18	15988800	15992800	0.34027055150884494
chr18	16288800	16289400	0.41283607979184733
chr18	17352300	17353300	0.25668449197860965
chr18	24705600	24706200	0.3914590747330961
chr18	32877000	32877600	0.36129753914988816
chr18	35528400	35529000	0.4895397489539749
chr18	36850600	36853400	0.31646932185145316
chr18	38359200	38359800	0.311804008908686
chr18	44698400	44699000	0.3769968051118211
chr18	46317400	46318200	0.4046434494195688
chr18	50090200	50090800	0.18493150684931506
chr18	54158800	54159400	0.45722713864306785
chr18	58804200	58804800	0.23043666234327712
chr18	58853400	58854200	0.2734584450402145
chr18	59357400	59358200	0.31976744186046513
chr18	60412200	60412800	0.543859649122807
chr18	61358000	61358600	0.1946564885496183
chr18	69159200	69159900	0.43209876543209874
chr18	70509000	70510600	0.3211344922232388
chr18	70705800	70706400	0.4634146341463415
chr18	71209100	71209900	0.3898305084745763
chr18	74151100	74151800	0.4623376623376623
chr18	77207800	77208400	0.1774193548387097
chr18	77368800	77369400	0.09005235602094241
chr18	79933000	79934400	0.13343108504398826
chr18	83134800	83135600	0.03821656050955414
chr18	87160400	87161400	0.4132469402447804
chr18	87695600	87696200	0.41424272818455365
chr18	89407600	89408200	0.3016393442622951
chr18	90429800	90430800	0.36932632584806496
chr18	90559000	90560400	0.37517053206002726
chr19	5406200	5407000	0.3458937198067633
chr19	5861400	5862600	0.311449159327462
chr19	7859800	7860400	0.15789473684210525
chr19	8032600	8034200	0.31010452961672474
chr19	8276800	8277400	0.17592592592592593
chr19	8323800	8324400	0.5702702702702702
chr19	9375000	9375600	0.37898089171974525
chr19	9717600	9718200	0.2776203966005666
chr19	10425000	10425700	0.0427807486631016
chr19	11670400	11671000	0.3967280163599182
chr19	12543800	12545200	0.3501577287066246
chr19	13159600	13160200	0.5717703349282297
chr19	19241200	19241800	0.1932245922208281
chr19	19508600	19509300	0.49256900212314225
chr19	20754600	20755200	0.35742444152431013
chr19	21248000	21248600	0.34029227557411273
chr19	24970000	24970800	0.2492753623188406
chr19	25426800	25428400	0.24356435643564356
chr19	25819200	25819800	0.4101123595505618
chr19	26897200	26897800	0.26031746031746034
chr19	31722600	31724200	0.22487009496506002
chr19	39157000	39157800	0.4222042139384117
chr19	43738000	43738700	0.21951219512195122
chr19	44712800	44713600	0.30078125
chr19	46579800	46581000	0.09528214616096208
chr19	47896200	47898300	0.2066815144766147
chr19	51469400	51470000	0.5359712230215827
chr19	51701200	51701800	0.28512396694214875
chr19	51955200	51955800	0.3262618873445501
chr19	53580200	53580800	0.23799126637554585
chr19	54911600	54912200	0.4217171717171717
chr19	55593200	55593900	0.10231023102310231
chr19	55628000	55630600	0.14232804232804233
chr19	55931400	55932000	0.011086474501108648
chr19	56231600	56232200	0.3403755868544601
chr19	56326000	56326800	0.1321762349799733
chr19	57378400	57381600	0.17561591914087177
chr19	57437000	57439600	0.4032846715328467
chr19	58706400	58707200	0.10727969348659004
chr19	58799200	58800700	0.06906077348066299
chr19	61207600	61208200	0.2483221476510067
chr2	7509100	7509800	0.3516209476309227
chr2	7629900	7630600	0.4568345323741007
chr2	12449200	12450000	0.44619799139167865
chr2	13913200	13913800	0.37404580152671757
chr2	15334400	15335000	0.35208711433756806
chr2	15663600	15664400	0.35611164581328203
chr2	16894600	16895200	0.3507853403141361
chr2	19914600	19915400	0.5266497461928934
chr2	21246400	21247000	0.3948220064724919
chr2	22275000	22275600	0.52
chr2	24237600	24238200	0.5467032967032966
chr2	26664300	26665100	0.5
chr2	28228800	28229800	0.31088082901554404
chr2	36316700	36317400	0.55810147299509
chr2	36807600	36808400	0.02270577105014191
chr2	36964400	36965000	0.31343283582089554
chr2	38568600	38571000	0.2239732569245463
chr2	39704000	39704800	0.4634920634920635
chr2	43071400	43072000	0.24516129032258063
chr2	43329200	43330000	0.37937743190661477
chr2	48227200	48227800	0.3627450980392157
chr2	48784800	48786800	0.27101200686106347
chr2	48853600	48854200	0.296969696969697
chr2	52338400	52339400	0.5214723926380368
chr2	55999000	55999600	0.12844036697247707
chr2	59817400	59819000	0.44776119402985076
chr2	59843000	59844000	0.09422492401215805
chr2	63397600	63398200	0.2823061630218688
chr2	63805600	63806200	0.3345008756567426
chr2	66736600	66737200	0.4826666666666667
chr2	73010400	73013200	0.2734056987788331
chr2	76709800	76713000	0.10149801284011006
chr2	76722900	76725900	0.18853776111408677
chr2	78617000	78617600	0.28290993071593534
chr2	85070000	85070600	0.06285714285714286
chr2	85471900	85473100	0.47439613526570046
chr2	88212200	88212800	0.4732394366197183
chr2	89560600	89561200	0.07865168539325842
chr2	95695800	95696400	0.32459016393442625
chr2	98208200	98208800	0.325
chr2	98752000	98752600	0.322463768115942
chr2	107171400	107172000	0.32083333333333336
chr2	108202400	108203200	0.27740492170022374
chr2	110095200	110095800	0.4470802919708029
chr2	111040800	111041400	0.2564841498559078
chr2	111936200	111936800	0.281767955801105
chr2	116454200	116454800	0.32275132275132273
chr2	125617400	125618000	0.10880829015544041
chr2	127577000	127577700	0.10449129239230064
chr2	139476000	139476600	0.36769759450171824
chr2	147672200	147672800	0.27049180327868855
chr2	148745200	148747200	0.35516888433981575
chr2	149519300	149520000	0.5041736227045075
chr2	152686400	152688000	0.06805970149253732
chr2	155987400	155988700	0.1265597147950089
chr2	156482000	156482600	0.25757575757575757
chr2	156747800	156749200	0.18468468468468469
chr2	157557300	157562400	0.05625413633355394
chr2	159345800	159346800	0.3522867737948084
chr2	160753600	160754200	0.21962616822429906
chr2	162841600	162842200	0.1346153846153846
chr2	163469400	163470200	0.10130246020260492
chr2	164502200	164503000	0.2413127413127413
chr2	165296400	165297800	0.16042267050912584
chr2	165380000	165383600	0.17493995196156925
chr2	165514700	165516300	0.19364375461936437
chr2	166430400	166432600	0.5112142304717711
chr2	166629600	166633200	0.14584221748400852
chr2	168488600	168489600	0.2014388489208633
chr2	168622800	168624200	0.4677835051546392
chr2	168979600	168980200	0.02553191489361702
chr2	169764800	169765400	0.1658291457286432
chr2	170504400	170505200	0.09158878504672897
chr2	170891200	170891800	0.4344262295081967
chr2	172001800	172004200	0.2513542795232936
chr2	172291600	172292800	0.291196388261851
chr2	172895400	172897100	0.12479061976549413
chr2	173066600	173067200	0.398876404494382
chr2	173098000	173098600	0.5732647814910026
chr2	173455400	173456000	0.34917355371900827
chr2	173645800	173647600	0.12518628912071536
chr2	174092200	174092800	0.04040404040404041
chr2	174096800	174099400	0.12384716732542819
chr2	174121800	174122400	0.3904191616766467
chr2	174293700	174301200	0.0791642484039466
chr2	174345100	174346600	0.18235610543302852
chr2	176790000	176790600	0.21206225680933852
chr2	177281600	177282200	0.19933554817275748
chr2	179179200	179179800	0.16205533596837945
chr2	179298200	179299400	0.3083083083083083
chr2	179605200	179605800	0.15445544554455445
chr2	181092000	181092600	0.08851224105461393
chr2	181109400	181110000	0.1526479750778816
chr2	181112800	181113400	0.1401673640167364
chr3	5903000	5903600	0.3150105708245243
chr3	6377200	6379100	0.28678678678678676
chr3	7302200	7304800	0.327
chr3	8129400	8130200	0.40879478827361565
chr3	13130200	13131000	0.15483870967741936
chr3	14447200	14448000	0.3162162162162162
chr3	14745400	14746000	0.27121771217712176
chr3	16249900	16250500	0.5562913907284768
chr3	19584400	19585000	0.06086956521739131
chr3	20419000	20419600	0.4847161572052402
chr3	20854000	20854600	0.2921083627797409
chr3	22284400	22285400	0.4142857142857143
chr3	22954800	22955600	0.3237753882915173
chr3	22961200	22962000	0.4256505576208178
chr3	23314200	23314800	0.30806451612903224
chr3	24810000	24810600	0.3413566739606127
chr3	26601600	26602400	0.13389121338912133
chr3	26906000	26906600	0.4241935483870968
chr3	27258200	27258800	0.20634920634920634
chr3	29719400	29720200	0.41432368163379496
chr3	32313800	32314600	0.33969465648854963
chr3	33479200	33480000	0.397887323943662
chr3	35171200	35171800	0.42318059299191374
chr3	36853200	36853800	0.4348314606741573
chr3	38455200	38457200	0.265409383624655
chr3	38626800	38627400	0.3492462311557789
chr3	39173800	39174400	0.32934131736526945
chr3	43491800	43492400	0.22794117647058823
chr3	45578400	45579800	0.2949093036863663
chr3	51264200	51265200	0.45671641791044776
chr3	53323200	53323800	0.05747126436781609
chr3	53721200	53723800	0.30303030303030304
chr3	53888000	53888600	0.3333333333333333
chr3	55102000	55102600	0.25040916530278234
chr3	56009200	56009800	0.08333333333333333
chr3	56853800	56854400	0.22551928783382788
chr3	57869600	57870200	0.5331010452961672
chr3	59689000	59689600	0.429551692589204
chr3	66112200	66112800	0.42448979591836733
chr3	66268800	66269400	0.4095576619273302
chr3	67775800	67777200	0.40303842716711347
chr3	70745800	70746800	0.41776315789473684
chr3	71225600	71226200	0.4104803493449782
chr3	73863800	73864800	0.2964102564102564
chr3	74864800	74865500	0.459958932238193
chr3	75715000	75715600	0.514344262295082
chr3	78249800	78250400	0.13304721030042918
chr3	87535400	87536800	0.023708721422523286
chr3	88240800	88241700	0.04641089108910891
chr3	91649400	91650000	0.3188720173535792
chr3	93619800	93620500	0.4063926940639269
chr3	94254600	94255200	0.38434163701067614
chr3	97086600	97087200	0.18478260869565216
chr3	98098000	98101000	0.2647961420429636
chr3	101450800	101451400	0.1806853582554517
chr3	106247400	106248000	0.38596491228070173
chr3	108242200	108244700	0.4229665071770335
chr3	110057000	110058200	0.26957070707070707
chr3	111724700	111725400	0.4351648351648352
chr3	112566200	112566800	0.3686635944700461
chr3	112746800	112747400	0.30362116991643456
chr3	113065200	113065800	0.44025157232704404
chr3	113218600	113219200	0.3557951482479784
chr3	113669400	113670000	0.5329815303430079
chr3	115442600	115443200	0.3317972350230415
chr3	117168800	117169400	0.34980988593155893
chr3	117776200	117776800	0.39800995024875624
chr3	119312000	119312600	0.35039370078740156
chr3	120740800	120742600	0.31010452961672474
chr3	123817200	123818000	0.3064182194616977
chr3	124166200	124166800	0.2548780487804878
chr3	125029600	125030200	0.44344703770197486
chr3	126910800	126911400	0.21120689655172414
chr3	128446000	128446600	0.5145385587863464
chr3	128808000	128808600	0.5108225108225108
chr3	128966400	128967000	0.27948303715670436
chr3	135774400	135775000	0.48023715415019763
chr3	139188400	139189000	0.49433962264150944
chr3	151234000	151234600	0.39601769911504425
chr3	156966600	156967600	0.38757655293088367
chr3	159303000	159306400	0.3243523316062176
chr4	4028600	4029200	0.33774834437086093
chr4	6609200	6610000	0.33899821109123435
chr4	8135400	8136400	0.4268041237113402
chr4	10354000	10354800	0.3904191616766467
chr4	11400000	11401000	0.032692307692307694
chr4	12136600	12137600	0.19848545237146273
chr4	12959200	12959800	0.315541601255887
chr4	14423800	14424400	0.30218068535825543
chr4	14984200	14984800	0.6159250585480094
chr4	15341400	15344000	0.42857142857142855
chr4	16246600	16249200	0.3598937583001328
chr4	16810400	16811200	0.43283582089552236
chr4	16862800	16863400	0.36231884057971014
chr4	17065700	17066400	0.1958762886597938
chr4	20207000	20207600	0.3515151515151515
chr4	20919600	20920400	0.27807486631016043
chr4	22200600	22201200	0.2730627306273063
chr4	23421200	23424000	0.37117903930131
chr4	25159200	25160000	0.34291581108829566
chr4	25188000	25189600	0.36802721088435375
chr4	32894000	32894800	0.1480804387568556
chr4	33301400	33302000	0.39209726443769
chr4	35781200	35781800	0.3483483483483483
chr4	37224000	37225200	0.2639949109414758
chr4	37365800	37368400	0.34802158273381295
chr4	38383600	38384200	0.5883668903803132
chr4	41637400	41639000	0.4372340425531915
chr4	43568000	43569200	0.12074829931972789
chr4	44264800	44265600	0.36054421768707484
chr4	50319700	50320400	0.42379958246346555
chr4	53126400	53127200	0.5053763440860215
chr4	54695600	54696200	0.42434782608695654
chr4	55402400	55403000	0.19318181818181818
chr4	55418800	55419600	0.34822906322409797
chr4	60457800	60458800	0.3079470198675497
chr4	62991200	62991800	0.15904572564612326
chr4	65613100	65615200	0.049902152641878667
chr4	66681800	66682500	0.4419889502762431
chr4	67916000	67916600	0.37116564417177916
chr4	69569600	69570200	0.20819112627986347
chr4	70815800	70816900	0.46131805157593125
chr4	70832200	70832800	0.4612476370510397
chr4	71915400	71916000	0.40384615384615385
chr4	74648800	74649400	0.23015873015873015
chr4	77151800	77152400	0.30726256983240224
chr4	80928400	80930400	0.3964794635373009
chr4	82672000	82674000	0.3110831234256927
chr4	82791800	82792500	0.47368421052631576
chr4	88481200	88481800	0.2003012048192771
chr4	91068800	91069400	0.5396113602391629
chr4	91576200	91576800	0.3713163064833006
chr4	91654200	91655400	0.24125874125874125
chr4	92763800	92764400	0.20574162679425836
chr4	99731400	99732000	0.276707530647986
chr4	103168800	103169400	0.32413793103448274
chr4	110863200	110863800	0.07647058823529412
chr4	111271600	111273800	0.471864406779661
chr4	113836400	113837000	0.3148148148148148
chr4	115194600	115195200	0.13602941176470587
chr4	117477800	117478400	0.2633663366336634
chr4	121378400	121379100	0.2987012987012987
chr4	122662600	122663200	0.3358547655068079
chr4	124549200	124549800	0.2972027972027972
chr4	125182200	125182800	0.12037037037037036
chr4	128483200	128483800	0.1986754966887417
chr4	128585400	128590000	0.21477860839562968
chr4	131012200	131013000	0.4690366972477064
chr4	131495000	131495600	0.2315270935960591
chr4	131788200	131788800	0.3088235294117647
chr4	135802000	135802600	0.3074712643678161
chr4	138291800	138294000	0.2684903748733536
chr4	138706600	138707200	0.11963882618510158
chr4	139784200	139785000	0.3292433537832311
chr4	140458600	140462000	0.3638095238095238
chr4	140786000	140786800	0.3891213389121339
chr4	143579200	143579800	0.3055555555555556
chr4	143827200	143827800	0.2984054669703872
chr4	145572900	145573600	0.2484076433121019
chr4	150878200	150880300	0.09409701928696669
chr4	151144400	151145600	0.051741803278688527
chr4	151248800	151251800	0.4013402829486225
chr4	151876200	151876800	0.3241167434715822
chr4	153314600	153315200	0.5201342281879194
chr4	154112800	154113400	0.4246987951807229
chr4	155854800	155855400	0.2440273037542662
chr5	3436000	3437600	0.4434233199310741
chr5	3613600	3614300	0.3688118811881188
chr5	8759400	8760100	0.47315436241610737
chr5	11619000	11619800	0.3562231759656652
chr5	11963200	11964000	0.24838012958963282
chr5	16755400	16756000	0.28337531486146095
chr5	17682600	17684300	0.3804878048780488
chr5	26044000	26047200	0.3062468257998984
chr5	26929600	26930200	0.5267857142857143
chr5	29408800	29409400	0.6253602305475504
chr5	29983200	29984000	0.46938775510204084
chr5	36966800	36968500	0.23876514263384135
chr5	37326200	37326800	0.23636363636363636
chr5	38673200	38674400	0.1568213783403657
chr5	38912000	38912600	0.46530612244897956
chr5	42661600	42662400	0.4490106544901065
chr5	45345600	45346200	0.35805626598465473
chr5	52918400	52919000	0.44047619047619047
chr5	53582400	53583000	0.4281767955801105
chr5	55011000	55013200	0.4356699201419698
chr5	56128800	56129600	0.32285714285714284
chr5	58647000	58648700	0.2710084033613445
chr5	61292600	61294200	0.2759633027522936
chr5	61879000	61880200	0.31281198003327787
chr5	62138500	62139200	0.5128205128205128
chr5	63225600	63227900	0.3890513999164229
chr5	63727200	63727800	0.3309608540925267
chr5	64906400	64907000	0.31746031746031744
chr5	69426800	69428200	0.37386363636363634
chr5	69639800	69640800	0.38089005235602097
chr5	70002000	70002600	0.2542372881355932
chr5	70117200	70117800	0.4362934362934363
chr5	70561400	70562000	0.6779107725788901
chr5	73859600	73860200	0.4591381872213967
chr5	75653400	75655700	0.13981244671781756
chr5	86594200	86595000	0.3309128630705394
chr5	87966400	87967000	0.4297520661157025
chr5	90372400	90373000	0.5170556552962298
chr5	96672000	96672600	0.3333333333333333
chr5	97063800	97064400	0.09446254071661238
chr5	97087000	97088100	0.1319298245614035
chr5	99943600	99944600	0.2115219260533104
chr5	100726600	100727200	0.3151618398637138
chr5	105811600	105813800	0.19341894060995185
chr5	109550000	109553400	0.08660785886126704
chr5	109971600	109972200	0.37267080745341613
chr5	112098400	112099000	0.2904761904761905
chr5	113623600	113625000	0.15907447577729572
chr5	114196400	114197200	0.10975609756097561
chr5	114802400	114804800	0.17093541202672605
chr5	116803400	116804000	0.2762345679012346
chr5	116981600	116982500	0.43556701030927836
chr5	117295800	117296400	0.43478260869565216
chr5	117707800	117708500	0.2
chr5	118491600	118492200	0.0776255707762557
chr5	119440300	119441200	0.06862745098039216
chr5	124124600	124125200	0.28085106382978725
chr5	125035800	125036400	0.2708333333333333
chr5	125785600	125788000	0.20943134535367544
chr5	128759300	128760200	0.1111111111111111
chr5	128781600	128782400	0.05983493810178817
chr5	129623400	129624000	0.06168549087749783
chr5	129657400	129658000	0.15058479532163743
chr5	129862400	129863000	0.1873479318734793
chr5	131439400	131441000	0.07432818753573471
chr5	131554200	131554800	0.18076923076923077
chr5	134076000	134076600	0.522633744855967
chr5	134217000	134218000	0.31200631911532384
chr5	135348600	135352200	0.10644391408114559
chr5	141154600	141155200	0.2833333333333333
chr5	143758000	143758600	0.10183767228177641
chr5	143966600	143967900	0.13739545997610514
chr5	144092200	144093000	0.3177570093457944
chr5	144555000	144556600	0.16511085180863477
chr5	144621800	144623600	0.392914653784219
chr5	146470000	146471000	0.2578947368421053
chr5	148384800	148385400	0.14446529080675422
chr6	3121000	3121600	0.053156146179401995
chr6	4092000	4093000	0.33847283406754775
chr6	4747200	4755600	0.047363909129875696
chr6	5476600	5477200	0.3319327731092437
chr6	5480000	5481000	0.5049627791563276
chr6	6626000	6627000	0.3861209964412811
chr6	7113000	7113600	0.30952380952380953
chr6	7460200	7461000	0.3079019073569482
chr6	8334600	8335200	0.2915451895043732
chr6	11205200	11206200	0.3213507625272331
chr6	11378600	11379200	0.35968379446640314
chr6	11421200	11421800	0.44468546637744033
chr6	11864600	11865200	0.5759803921568627
chr6	11890800	11891400	0.4782608695652174
chr6	12775400	12776000	0.34072900158478603
chr6	14380000	14380800	0.2600896860986547
chr6	14929000	14929800	0.3436293436293436
chr6	15457800	15458400	0.44042553191489364
chr6	18585400	18587800	0.3639828489757027
chr6	20528000	20528600	0.3702127659574468
chr6	24069000	24069800	0.32992700729927005
chr6	24717200	24718400	0.2615546218487395
chr6	26753200	26755000	0.42110091743119266
chr6	26992400	26993200	0.26948775055679286
chr6	28178000	28178800	0.506457242582897
chr6	30735200	30739400	0.04874371859296482
chr6	30929100	30929800	0.46420581655480986
chr6	33664800	33665600	0.28896473265073946
chr6	35964600	35965200	0.5226860254083484
chr6	38128200	38128800	0.06321839080459771
chr6	41926800	41928600	0.38247566063977745
chr6	42502200	42502800	0.5039370078740157
chr6	43131200	43131800	0.44696969696969696
chr6	46153400	46154000	0.42752293577981654
chr6	46226400	46227000	0.47157190635451507
chr6	47904200	47905600	0.05706234589644241
chr6	49971000	49971600	0.2942430703624733
chr6	50619600	50621600	0.0990916597853014
chr6	55496800	55497400	0.13777777777777778
chr6	56965800	56966600	0.326158940397351
chr6	57052600	57053400	0.22830578512396693
chr6	58017600	58018200	0.2977346278317152
chr6	58712400	58713000	0.41626794258373206
chr6	58906200	58907400	0.06570841889117043
chr6	59911200	59911800	0.4583333333333333
chr6	60575600	60576200	0.21621621621621623
chr6	60897600	60898600	0.3262411347517731
chr6	63922800	63925400	0.350462962962963
chr6	66828600	66829200	0.23829787234042554
chr6	69802800	69803600	0.3688853247794707
chr6	70008400	70009000	0.49489795918367346
chr6	70019800	70020600	0.4247881355932203
chr6	74658800	74659400	0.5899280575539568
chr6	75343200	75343800	0.26881720430107525
chr6	76098200	76098800	0.23616236162361623
chr6	76618000	76618600	0.3442622950819672
chr6	78524800	78525900	0.5202108963093146
chr6	78938000	78939200	0.3388259526261586
chr6	80378800	80379600	0.3608815426997245
chr6	81336200	81339000	0.34894493051981473
chr6	82212400	82213000	0.26324786324786326
chr6	89322600	89323900	0.23345817727840198
chr6	89332700	89334200	0.22872340425531915
chr6	93068300	93069100	0.48194662480376765
chr6	96704400	96706800	0.3659961064243997
chr6	99877800	99878600	0.3206039076376554
chr6	101150400	101152900	0.042970092815400485
chr6	101453800	101454400	0.3024
chr6	101825000	101825600	0.27246376811594203
chr6	104384800	104385800	0.26164596273291924
chr6	105426900	105427600	0.45864661654135336
chr6	118617600	118618200	0.30655391120507397
chr6	123243800	123244400	0.49710982658959535
chr6	123762200	123762800	0.4020172910662824
chr6	125249200	125252100	0.38598175708113297
chr6	129845800	129846600	0.2980132450331126
chr6	132642600	132643200	0.21880998080614203
chr6	133948600	133949200	0.2636363636363636
chr6	135732000	135734000	0.08586956521739131
chr6	136398200	136402000	0.08615084525357607
chr6	137621200	137621800	0.2005813953488372
chr6	137715800	137716400	0.45429362880886426
chr6	139768400	139769000	0.32567049808429116
chr6	141211000	141211600	0.44452198185624564
chr6	142167800	142168700	0.2675765095119934
chr6	142202600	142203200	0.07453416149068323
chr6	142396600	142399600	0.1799442896935933
chr6	142768600	142770800	0.20121951219512196
chr6	143464800	143465400	0.15
chr6	148154600	148155400	0.287248322147651
chr7	3961400	3962000	0.33635187580853815
chr7	6131800	6133400	0.14319470699432893
chr7	6677000	6678200	0.13076923076923078
chr7	6708400	6711700	0.12013681060282172
chr7	6727200	6731400	0.050674105067410505
chr7	7043400	7044100	0.43661971830985913
chr7	7063400	7065100	0.34444444444444444
chr7	7761000	7761600	0.12238805970149254
chr7	10082600	10083200	0.4380165289256198
chr7	10296000	10296600	0.4045643153526971
chr7	11829800	11830800	0.5163636363636364
chr7	12566200	12566800	0.3168044077134986
chr7	12970400	12971800	0.09356435643564356
chr7	13946000	13946800	0.24045801526717558
chr7	15280000	15280600	0.3995381062355658
chr7	15511200	15511800	0.43450479233226835
chr7	16771200	16772300	0.4582701062215478
chr7	17196600	17197200	0.23529411764705882
chr7	23357600	23358600	0.06411917098445596
chr7	24034800	24035400	0.23583180987202926
chr7	24164200	24165000	0.6389496717724289
chr7	25865600	25866400	0.3424317617866005
chr7	26410800	26411400	0.3422712933753943
chr7	28099000	28099800	0.18041958041958042
chr7	28109600	28112200	0.39938837920489295
chr7	31687600	31688200	0.25688073394495414
chr7	31963400	31964000	0.2859504132231405
chr7	32720400	32721200	0.3512658227848101
chr7	35274800	35275800	0.08240534521158129
chr7	39837000	39837600	0.37941176470588234
chr7	42914400	42915000	0.44545454545454544
chr7	44079600	44080200	0.19047619047619047
chr7	46497600	46500400	0.2965235173824131
chr7	48386300	48387000	0.2144638403990025
chr7	49464400	49465200	0.09581497797356828
chr7	51329400	51330200	0.3472987872105843
chr7	52410800	52411800	0.29037800687285226
chr7	53621800	53622400	0.42727272727272725
chr7	59864700	59866600	0.13980789754535752
chr7	60003000	60005400	0.14783927217589082
chr7	61406800	61407400	0.5115384615384615
chr7	67149800	67150400	0.41901408450704225
chr7	69595600	69596200	0.4251207729468599
chr7	69724000	69726200	0.46248294679399726
chr7	75865200	75865800	0.20767195767195767
chr7	79115500	79118200	0.329923273657289
chr7	82540000	82540800	0.2965686274509804
chr7	83567600	83568200	0.2503364737550471
chr7	84719000	84719600	0.3401015228426396
chr7	86008800	86009700	0.30647709320695105
chr7	87902600	87904200	0.2545931758530184
chr7	92341200	92341800	0.12532637075718014
chr7	92356000	92356600	0.5121042830540037
chr7	94795400	94796000	0.4954128440366973
chr7	95533000	95533600	0.45266594124047876
chr7	101464000	101464600	0.1523545706371191
chr7	106253200	106253800	0.26346433770014555
chr7	107951400	107952200	0.13365853658536586
chr7	108026200	108028400	0.3233574131406949
chr7	109026200	109027000	0.1536231884057971
chr7	111232600	111233200	0.37257824143070045
chr7	117667200	117668000	0.16172248803827752
chr7	125505400	125506800	0.2914757103574702
chr7	127866200	127868400	0.12298209568535369
chr7	128685000	128689800	0.13557929334428923
chr7	131106000	131106600	0.13858695652173914
chr7	137127800	137130200	0.15038560411311053
chr7	137416200	137418400	0.25036603221083453
chr7	138665400	138666200	0.47468354430379744
chr7	140027800	140029200	0.1791044776119403
chr7	140738500	140741200	0.33972772277227725
chr7	142579900	142582200	0.5764570109636469
chr7	143294800	143296800	0.030774111675126902
chr7	143340400	143341000	0.14671814671814673
chr7	143677800	143678400	0.37858508604206503
chr7	143691600	143694600	0.14417531718569782
chr7	144168200	144172200	0.10863309352517986
chr8	3994000	3997400	0.1218955904713634
chr8	4808200	4808900	0.48438420742486743
chr8	5639600	5640800	0.08727272727272728
chr8	5784500	5785200	0.4822934232715008
chr8	6481400	6482100	0.44052863436123346
chr8	9158600	9159200	0.037606837606837605
chr8	9783200	9785600	0.48249828414550444
chr8	10756200	10756800	0.18733509234828497
chr8	12238400	12239000	0.059369202226345084
chr8	12746200	12746800	0.6213592233009708
chr8	12969200	12970200	0.30140845070422534
chr8	13268200	13269000	0.47098214285714285
chr8	13746400	13749600	0.2944281524926686
chr8	14822300	14823000	0.27889207258834764
chr8	15095200	15095800	0.2772133526850508
chr8	15154400	15155200	0.5567685589519651
chr8	17190200	17191000	0.41353383458646614
chr8	18264800	18265400	0.3349900596421471
chr8	19314400	19315200	0.3475298126064736
chr8	19529400	19530000	0.2640845070422535
chr8	20129200	20129800	0.3300653594771242
chr8	21272000	21273000	0.34242093784078514
chr8	21359200	21359800	0.5125
chr8	21602100	21602700	0.40829986613119146
chr8	21711200	21711800	0.4073482428115016
chr8	22052800	22053400	0.14388489208633093
chr8	22535200	22535800	0.1613588110403397
chr8	28619400	28620200	0.4552238805970149
chr8	28904000	28904800	0.466403162055336
chr8	33487600	33488200	0.3516483516483517
chr8	35089400	35090000	0.6349206349206349
chr8	36304400	36305000	0.5292682926829269
chr8	38287400	38288000	0.1636828644501279
chr8	38950000	38950600	0.510752688172043
chr8	39729600	39730400	0.35185185185185186
chr8	40844000	40844600	0.38240574506283664
chr8	40883200	40884000	0.43465045592705165
chr8	43977400	43978200	0.4099485420240137
chr8	45023400	45025600	0.22835859234523503
chr8	45039900	45041000	0.2703225806451613
chr8	46158800	46159600	0.3409395973154362
chr8	46378400	46379200	0.55470737913486
chr8	48228300	48229400	0.057525951557093426
chr8	48235600	48236200	0.13426423200859292
chr8	48276100	48276900	0.14329501915708812
chr8	49981600	49983000	0.32882273342354534
chr8	52061200	52062000	0.3536036036036036
chr8	52657600	52658200	0.25874125874125875
chr8	54317200	54317800	0.2236842105263158
chr8	55395200	55396000	0.4083333333333333
chr8	57503800	57504400	0.04878048780487805
chr8	62330800	62331400	0.2403560830860534
chr8	63683000	63683800	0.4325980392156863
chr8	65184600	65185300	0.4396887159533074
chr8	65305400	65306000	0.33076923076923076
chr8	67781800	67782400	0.2785571142284569
chr8	68847800	68848400	0.04628501827040195
chr8	70375500	70378200	0.11495737535520538
chr8	73962000	73962600	0.33955223880597013
chr8	78588200	78590000	0.30808080808080807
chr8	79315000	79315600	0.5941422594142259
chr8	80521400	80522000	0.453416149068323
chr8	81195800	81196400	0.44193548387096776
chr8	83479600	83480200	0.2832699619771863
chr8	84994600	84995200	0.06
chr8	85510000	85510600	0.10457516339869281
chr8	91409000	91410200	0.31504702194357365
chr8	93298600	93299400	0.2775423728813559
chr8	95293000	95294200	0.25569176882662
chr8	96507200	96507800	0.30501089324618735
chr8	98698700	98699900	0.34545454545454546
chr8	99466000	99466800	0.3257881972514147
chr8	101710600	101711400	0.3160621761658031
chr8	102147200	102148800	0.32823259372609026
chr8	102365300	102366000	0.29770992366412213
chr8	102953400	102954000	0.48484848484848486
chr8	106424800	106425700	0.12096774193548387
chr8	110087400	110090000	0.16013344453711426
chr8	110108000	110110200	0.3525835866261398
chr8	112483800	112484400	0.3393316195372751
chr8	113035200	113035800	0.27960526315789475
chr8	119372800	119373600	0.18895348837209303
chr8	120338000	120339800	0.20150501672240803
chr8	120611600	120612200	0.17582417582417584
chr8	121045200	121045800	0.4256410256410256
chr8	122260800	122267200	0.15076853526220615
chr8	122860600	122867200	0.14601293103448276
chr8	123420800	123421600	0.12048861743475847
chr8	124679400	124684800	0.19434306569343066
chr8	125753000	125754000	0.15164835164835164
chr8	129102200	129102800	0.38243626062322944
chr9	3501400	3502000	0.13855421686746988
chr9	3807600	3808300	0.6073394495412844
chr9	5057400	5058000	0.36462093862815886
chr9	5364800	5365400	0.42452830188679247
chr9	5396600	5397400	0.532258064516129
chr9	5642300	5643600	0.375
chr9	6073200	6073800	0.381957773512476
chr9	8477400	8478000	0.46482758620689657
chr9	9331800	9334200	0.4391575663026521
chr9	11341800	11342400	0.496
chr9	13743800	13744600	0.46055045871559636
chr9	18796600	18797400	0.49271844660194175
chr9	19288400	19289000	0.42147293700088734
chr9	19928000	19928600	0.12
chr9	22090600	22091200	0.3959537572254335
chr9	23608000	23609000	0.29346622369878184
chr9	24706400	24707800	0.4666666666666667
chr9	26751400	26752000	0.3278236914600551
chr9	27333100	27335600	0.1356534090909091
chr9	29705800	29706400	0.17525773195876287
chr9	30830000	30830800	0.361323155216285
chr9	31734800	31735400	0.31516936671575846
chr9	32321800	32322600	0.13114754098360656
chr9	39029000	39029600	0.16720257234726688
chr9	40040600	40041200	0.46
chr9	40207400	40208000	0.09636650868878358
chr9	41976600	41977200	0.10052910052910052
chr9	44121200	44121800	0.3735408560311284
chr9	57840900	57841600	0.49044585987261147
chr9	60539100	60540200	0.4953271028037383
chr9	75709000	75709600	0.33101851851851855
chr9	75978800	75979400	0.5078828828828829
chr9	76689400	76690000	0.2980132450331126
chr9	77473400	77474000	0.18385650224215247
chr9	78931800	78932400	0.33911368015414256
chr9	79540600	79543600	0.29720071471113757
chr9	84852000	84852600	0.42
chr9	88001800	88002400	0.32407407407407407
chr9	89469200	89469800	0.5344262295081967
chr9	89879400	89882000	0.4632952691680261
chr9	93049600	93050600	0.3154929577464789
chr9	96665400	96667400	0.38809946714031973
chr9	98348600	98350200	0.3379396984924623
chr9	99599800	99600400	0.53003003003003
chr9	101448400	101449000	0.09693877551020408
chr9	103721000	103721600	0.32456140350877194
chr9	114033600	114034400	0.4452054794520548
chr9	121040800	121042500	0.1678593334696381
