chr1	3878000	3878600	0.4875
chr1	4921800	4922400	0.43258426966292135
chr1	5040400	5041000	0.3474747474747475
chr1	5047000	5047600	0.19823788546255505
chr1	5071800	5073000	0.1278792692613185
chr1	5423200	5423800	0.5371900826446281
chr1	6012800	6013400	0.3263598326359833
chr1	10805000	10806000	0.5540915395284327
chr1	13514300	13515200	0.21631878557874762
chr1	15020200	15020800	0.36972972972972973
chr1	15862300	15863000	0.3064066852367688
chr1	15917600	15918200	0.12162162162162163
chr1	16711600	16713700	0.3730964467005076
chr1	17239200	17240000	0.1511627906976744
chr1	17685600	17686400	0.2665684830633284
chr1	17903400	17904200	0.3543990086741016
chr1	19009200	19009800	0.3256880733944954
chr1	19398600	19399200	0.4351145038167939
chr1	22061000	22061600	0.4724220623501199
chr1	22158000	22158600	0.4222222222222222
chr1	30165400	30166000	0.39631336405529954
chr1	30573800	30576000	0.20464601769911506
chr1	31300800	31301400	0.4142857142857143
chr1	31383800	31384400	0.34812286689419797
chr1	31454200	31454900	0.4966216216216216
chr1	33407400	33408200	0.1980551053484603
chr1	35896400	35899200	0.3450508788159112
chr1	37200400	37201000	0.23943661971830985
chr1	37874900	37875800	0.5625
chr1	38299200	38299800	0.4932562620423892
chr1	38315200	38315800	0.49746192893401014
chr1	39519200	39519800	0.19689119170984457
chr1	40014000	40014600	0.7354838709677419
chr1	40457800	40458600	0.10136157337367625
chr1	41071800	41072400	0.3050847457627119
chr1	41213600	41214200	0.255
chr1	41467800	41468400	0.26666666666666666
chr1	46473200	46473800	0.6794258373205742
chr1	46501400	46502000	0.7361111111111112
chr1	48466800	48469000	0.17194570135746606
chr1	49417700	49419400	0.28133704735376047
chr1	49474400	49475200	0.2714285714285714
chr1	49834000	49834600	0.3884297520661157
chr1	52991800	52992400	0.6861313868613139
chr1	57542000	57542600	0.22699386503067484
chr1	60901000	60901600	0.08780487804878048
chr1	63198700	63201000	0.7839607201309329
chr1	65417600	65418600	0.351213282247765
chr1	65570600	65571200	0.3037037037037037
chr1	69831400	69832000	0.4889807162534435
chr1	72380000	72382000	0.7477477477477478
chr1	76311900	76312600	0.4796573875802998
chr1	83446600	83447200	0.30113636363636365
chr1	83673000	83673600	0.23510971786833856
chr1	84685800	84689600	0.3006416131989001
chr1	84973800	84974400	0.44148936170212766
chr1	88265800	88266600	0.5326460481099656
chr1	89143500	89146000	0.7262569832402235
chr1	89887400	89888000	0.6785714285714286
chr1	91356900	91357600	0.6338028169014085
chr1	92527000	92528600	0.4031141868512111
chr1	92847600	92850800	0.6660039761431411
chr1	92919000	92920200	0.6139294926913156
chr1	96115400	96116000	0.19069767441860466
chr1	98110000	98110800	0.3982102908277405
chr1	100986200	100987200	0.28532608695652173
chr1	101040000	101040600	0.36049382716049383
chr1	101291200	101291800	0.35233160621761656
chr1	102111200	102111800	0.3353658536585366
chr1	103746300	103747600	0.6480186480186481
chr1	106637600	106638200	0.6146788990825688
chr1	109251200	109251800	0.4
chr1	112331800	112332600	0.2647058823529412
chr1	117089200	117091200	0.35486508585445625
chr1	118864600	118865200	0.6470588235294118
chr1	120994000	120994600	0.33860045146726864
chr1	125096800	125097400	0.4699792960662526
chr1	129436400	129437200	0.28085519922254615
chr1	130199400	130200200	0.6125760649087221
chr1	130685800	130686800	0.24086021505376345
chr1	131736200	131736800	0.8526315789473684
chr1	133729400	133732000	0.4914914914914915
chr1	139975800	139976400	0.5067873303167421
chr1	145807400	145808000	0.16766467065868262
chr1	147592000	147592600	0.4445797807551766
chr1	148131400	148132000	0.5235294117647059
chr1	154472000	154472600	0.6161137440758294
chr1	164224800	164226600	0.45862412761714855
chr1	165655400	165657400	0.5108135942327497
chr1	169112800	169113600	0.4203056768558952
chr1	172541000	172541600	0.5407608695652174
chr1	173988000	173988600	0.28019323671497587
chr1	174787200	174788000	0.389945652173913
chr1	181713600	181715600	0.23832221163012393
chr1	182872200	182872800	0.4068627450980392
chr1	183357000	183359000	0.60778859527121
chr1	185076400	185077000	0.17073170731707318
chr1	187337800	187338400	0.5958904109589042
chr1	187392600	187393800	0.34583100167879127
chr1	189460000	189460600	0.4716981132075472
chr10	3446900	3447600	0.6464088397790055
chr10	4794400	4795000	0.47674418604651164
chr10	5963000	5963800	0.24253731343283583
chr10	6221200	6222000	0.6091549295774648
chr10	6514400	6515200	0.41586538461538464
chr10	10593200	10594500	0.3653250773993808
chr10	13089600	13092100	0.6917397323488694
chr10	13127000	13128000	0.6572528883183568
chr10	18531400	18532000	0.720954356846473
chr10	18716200	18717000	0.5824742268041238
chr10	20294400	20295000	0.3607305936073059
chr10	23480800	23481600	0.37372147915027537
chr10	23501000	23501600	0.3840749414519906
chr10	23659200	23660000	0.29321663019693656
chr10	25026800	25027400	0.11711711711711711
chr10	28907300	28908100	0.44874274661508706
chr10	29076800	29077400	0.3686868686868687
chr10	29723800	29724400	0.27615062761506276
chr10	30058200	30058800	0.19937694704049844
chr10	31080600	31081200	0.52
chr10	32527600	32528200	0.3074433656957929
chr10	33685800	33688200	0.613013698630137
chr10	38224200	38225000	0.4088495575221239
chr10	39140800	39142800	0.7328767123287672
chr10	40050400	40051000	0.5154185022026432
chr10	40645900	40648000	0.12043010752688173
chr10	47219600	47221800	0.4727838258164852
chr10	47732800	47733400	0.6728110599078341
chr10	48290800	48291500	0.38697318007662834
chr10	50447000	50447600	0.16972477064220184
chr10	51444400	51445100	0.5203761755485894
chr10	52114600	52115200	0.32887189292543023
chr10	52502800	52503400	0.3087248322147651
chr10	53194600	53195200	0.4671916010498688
chr10	60305800	60306400	0.6734006734006734
chr10	62367200	62368000	0.28865979381443296
chr10	63076000	63076800	0.15767634854771784
chr10	64622000	64623800	0.3563521349499209
chr10	68035600	68036800	0.6512820512820513
chr10	68243700	68245800	0.3587521663778163
chr10	69986200	69993500	0.7002341920374707
chr10	72690600	72691400	0.5277161862527716
chr10	74243200	74244000	0.563076923076923
chr10	78905400	78906000	0.5454545454545454
chr10	81799400	81802600	0.3495058400718778
chr10	81958200	81961900	0.3638996138996139
chr10	83652200	83652800	0.24621212121212122
chr10	83844200	83844800	0.47388059701492535
chr10	85211000	85211600	0.48
chr10	85658000	85658800	0.6187363834422658
chr10	86848400	86849000	0.7174603174603175
chr10	88625000	88625800	0.14814814814814814
chr10	90471400	90474000	0.3201754385964912
chr10	91585200	91587000	0.2388419782870929
chr10	97541600	97542200	0.4792284866468843
chr10	98090200	98090800	0.43891402714932126
chr10	98794200	98794800	0.22608695652173913
chr10	100646400	100647000	0.41025641025641024
chr10	101423600	101424200	0.3505535055350554
chr10	101923600	101924200	0.1419753086419753
chr10	102323500	102324200	0.35804195804195804
chr10	103518600	103519200	0.4201474201474201
chr10	112812200	112813000	0.2553191489361702
chr10	116455400	116456200	0.0893854748603352
chr10	119498200	119498800	0.5955882352941176
chr10	121266700	121267800	0.6634782608695652
chr10	122815000	122815700	0.7323420074349443
chr10	129816400	129818600	0.19429590017825313
chr10	130201000	130201600	0.4222222222222222
chr10	130473200	130473800	0.23076923076923078
chr11	3133600	3136000	0.38748137108792846
chr11	4013200	4016200	0.2761904761904762
chr11	5202200	5204000	0.6343402225755167
chr11	5457100	5458400	0.6110444177671068
chr11	5535400	5536000	0.6480978260869565
chr11	5808000	5809800	0.24113475177304963
chr11	7401600	7402200	0.7
chr11	8399600	8400200	0.39669421487603307
chr11	10216800	10217400	0.3776824034334764
chr11	10674000	10674800	0.2422062350119904
chr11	12025200	12027200	0.8747088961341407
chr11	12905800	12906600	0.4260869565217391
chr11	13351600	13352200	0.30604982206405695
chr11	15729200	15730000	0.2991202346041056
chr11	16048800	16049600	0.43661971830985913
chr11	16358800	16359600	0.17446808510638298
chr11	17098800	17099400	0.24496644295302014
chr11	17912800	17913400	0.32727272727272727
chr11	19720600	19721200	0.5684754521963824
chr11	20017200	20023800	0.6692698164779383
chr11	25080000	25080600	0.6153846153846154
chr11	25370200	25371000	0.33591331269349844
chr11	29580200	29580800	0.6872427983539094
chr11	30318200	30319200	0.3450479233226837
chr11	32209400	32210400	0.553877139979859
chr11	35875400	35876000	0.7427745664739884
chr11	40634000	40634600	0.30655391120507397
chr11	40650200	40652200	0.27586206896551724
chr11	42908400	42909000	0.4065040650406504
chr11	45769600	45770200	0.35549525101763907
chr11	48744600	48745200	0.6
chr11	51941800	51944000	0.10891763104152484
chr11	53578600	53580200	0.4728132387706856
chr11	53966000	53966600	0.23376623376623376
chr11	55252000	55254000	0.4908485856905158
chr11	58316100	58317600	0.673058485139022
chr11	58708800	58709600	0.09961685823754789
chr11	67219000	67221200	0.5663716814159292
chr11	68604000	68604600	0.17857142857142858
chr11	69825200	69827600	0.12800480769230768
chr11	83217600	83218400	0.11229946524064172
chr11	88664600	88665200	0.6785714285714286
chr11	89909800	89910600	0.375
chr11	92129100	92131600	0.359828141783029
chr11	92249400	92250000	0.42805755395683454
chr11	92862000	92862600	0.4811320754716981
chr11	94745400	94746000	0.15804597701149425
chr11	95763400	95764200	0.6518218623481782
chr11	95854800	95855400	0.13545816733067728
chr11	99824700	99826600	0.2988650693568726
chr11	101398800	101399500	0.416
chr11	101740000	101740600	0.5152224824355972
chr11	103805000	103805600	0.06349206349206349
chr11	107724200	107724800	0.744
chr11	108039600	108040500	0.44660194174757284
chr11	108061800	108062800	0.6018518518518519
chr11	114566000	114566600	0.5
chr11	115062400	115063000	0.12371134020618557
chr11	117898200	117899500	0.3252032520325203
chr11	118079400	118081800	0.5846585594013096
chr11	118387600	118388200	0.3835616438356164
chr11	118861600	118862200	0.3883495145631068
chr11	120116600	120117200	0.48226950354609927
chr12	3108400	3109000	0.5227272727272727
chr12	5094600	5096700	0.5642076502732241
chr12	10832800	10833400	0.34594594594594597
chr12	10999200	11000000	0.15
chr12	13434400	13437400	0.7454819277108434
chr12	13662000	13662600	0.39849624060150374
chr12	17215600	17216200	0.5825242718446602
chr12	17786000	17786800	0.5778894472361809
chr12	18259400	18260000	0.6122448979591837
chr12	23907000	23907600	0.5808823529411765
chr12	24084300	24085200	0.4994646680942184
chr12	24141200	24141800	0.25688073394495414
chr12	32926600	32927200	0.49063670411985016
chr12	33364200	33365600	0.4430379746835443
chr12	37602800	37603400	0.47577092511013214
chr12	38048000	38049200	0.3471164309031556
chr12	42598600	42599200	0.6464088397790055
chr12	42666600	42667200	0.30561330561330563
chr12	43567600	43571000	0.2870503597122302
chr12	46252400	46255000	0.3667992047713718
chr12	47329400	47331200	0.4155405405405405
chr12	47983600	47984200	0.28837209302325584
chr12	48554600	48555200	0.5179856115107914
chr12	54565200	54565800	0.7343173431734318
chr12	56644000	56646000	0.18181818181818182
chr12	58601600	58602200	0.351409978308026
chr12	58770000	58770600	0.31139240506329113
chr12	58863600	58864200	0.6650185414091471
chr12	59652000	59652600	0.3686440677966102
chr12	61628600	61629200	0.28338762214983715
chr12	66200800	66201800	0.2968299711815562
chr12	68701000	68701600	0.5397350993377483
chr12	74125800	74126600	0.8253012048192772
chr12	74367200	74367800	0.175
chr12	74807600	74808400	0.39204545454545453
chr12	80168000	80172000	0.5931372549019608
chr12	81372200	81373300	0.5161812297734628
chr12	81772600	81773200	0.6756756756756757
chr12	82565600	82566600	0.19858156028368795
chr12	84994000	84994600	0.3644067796610169
chr12	85519000	85519600	0.042105263157894736
chr12	90476600	90477200	0.39888682745825604
chr12	91811400	91812000	0.6961038961038961
chr12	95249200	95249800	0.38449111470113084
chr12	96138800	96141600	0.31686358754027927
chr12	96865000	96865600	0.1743119266055046
chr12	98612800	98613800	0.22404371584699453
chr12	99148000	99148800	0.2541528239202658
chr12	99732800	99733400	0.85
chr12	99817800	99818400	0.6503267973856209
chr12	104567100	104568600	0.5765895953757225
chr12	109264800	109265400	0.5414364640883977
chr12	109526400	109528800	0.04496124031007752
chr12	109870300	109871600	0.6796116504854369
chr12	112020100	112021200	0.6296992481203008
chr12	113127400	113128000	0.553030303030303
chr12	119772600	119773200	0.32432432432432434
chr13	3102500	3103500	0.5308056872037915
chr13	3138600	3140000	0.5067829457364341
chr13	3162700	3163300	0.3333333333333333
chr13	6184000	6184800	0.3577586206896552
chr13	6846200	6846800	0.04918032786885246
chr13	8441400	8442000	0.25
chr13	10301800	10302400	0.5531914893617021
chr13	12956200	12957000	0.31539424280350437
chr13	13047000	13047600	0.4796747967479675
chr13	14400800	14402600	0.3765586034912718
chr13	14781200	14782700	0.20261437908496732
chr13	14852000	14852600	0.31906614785992216
chr13	15887000	15887600	0.3333333333333333
chr13	16622000	16622600	0.4015748031496063
chr13	17821000	17821600	0.07407407407407407
chr13	18045600	18046200	0.4840764331210191
chr13	18740600	18741200	0.6950354609929078
chr13	19439000	19439600	0.26268320180383314
chr13	21650400	21652400	0.29845814977973567
chr13	22173600	22174200	0.4266666666666667
chr13	22282900	22283600	0.1552346570397112
chr13	23329200	23329800	0.2012987012987013
chr13	23375600	23376200	0.12238805970149254
chr13	29541800	29542400	0.6996047430830039
chr13	31738400	31739000	0.38333333333333336
chr13	33853000	33853600	0.42441860465116277
chr13	33882800	33883400	0.6287128712871287
chr13	34140400	34142000	0.29535864978902954
chr13	34470600	34471400	0.41295546558704455
chr13	36828200	36828800	0.26344086021505375
chr13	41058200	41058800	0.3972222222222222
chr13	41311600	41312200	0.5976744186046512
chr13	41787400	41788000	0.3184713375796178
chr13	41930600	41931200	0.3541666666666667
chr13	42156600	42159100	0.6164705882352941
chr13	45566600	45568000	0.5869767441860465
chr13	47009200	47011400	0.7561881188118812
chr13	48585800	48587200	0.6504065040650406
chr13	51086600	51087200	0.2391304347826087
chr13	52905700	52908000	0.6505312868949232
chr13	53555800	53558000	0.05581395348837209
chr13	64931800	64932600	0.3493150684931507
chr13	65323800	65324600	0.28378378378378377
chr13	66473000	66473600	0.13730569948186527
chr13	71381200	71382000	0.4114268440145103
chr13	74417600	74419200	0.12317880794701987
chr13	76478000	76478600	0.1
chr13	78261000	78261600	0.4021164021164021
chr13	84536800	84538400	0.2423728813559322
chr13	85329200	85330200	0.44689119170984454
chr13	86305500	86306100	0.38672768878718533
chr13	96707800	96708600	0.3401639344262295
chr13	99324200	99324800	0.5490196078431373
chr13	100223900	100225200	0.24516129032258063
chr13	102736600	102737800	0.6662665066026411
chr13	107432000	107433000	0.31588287488908606
chr13	110020000	110020600	0.6666666666666666
chr13	111755400	111756100	0.6982543640897756
chr13	112349600	112350200	0.020618556701030927
chr13	116837000	116837600	0.48672566371681414
chr14	3278200	3280200	0.3815261044176707
chr14	5993400	5994200	0.3577981651376147
chr14	6235800	6236500	0.4396551724137931
chr14	10274200	10274800	0.26506024096385544
chr14	10954800	10955400	0.42127659574468085
chr14	13933000	13934000	0.2155887230514096
chr14	14243400	14244400	0.3951048951048951
chr14	14248400	14249200	0.053691275167785234
chr14	14582200	14582800	0.13580246913580246
chr14	16907600	16908200	0.450402144772118
chr14	17005600	17006400	0.4296160877513711
chr14	17320600	17321200	0.4778638627559491
chr14	25531800	25532400	0.5695067264573991
chr14	27576800	27577400	0.8814814814814815
chr14	32863400	32864000	0.04201680672268908
chr14	37942800	37943600	0.3438914027149321
chr14	44223200	44223800	0.42063492063492064
chr14	52874400	52875000	0.7398843930635838
chr14	53895800	53896400	0.2708333333333333
chr14	60759200	60762000	0.623336745138178
chr14	62952800	62953400	0.46545454545454545
chr14	63462100	63462800	0.6882845188284519
chr14	68120200	68122000	0.054380664652567974
chr14	68811400	68813200	0.2916666666666667
chr14	69244400	69245400	0.6136724960254372
chr14	72037400	72038200	0.21508379888268156
chr14	72442800	72443400	0.1276595744680851
chr14	82893200	82894000	0.43357933579335795
chr14	90345400	90346200	0.42214532871972316
chr14	91819000	91819600	0.5056179775280899
chr14	92410000	92412400	0.2661596958174905
chr14	97116400	97117200	0.4688888888888889
chr14	99649200	99649800	0.2916666666666667
chr14	101198200	101198800	0.07476635514018691
chr14	102131000	102131600	0.17971014492753623
chr14	104986800	104987400	0.5052910052910053
chr14	106003600	106005400	0.4147727272727273
chr14	107465600	107466200	0.21604938271604937
chr14	108647500	108650000	0.4400564174894217
chr14	109011000	109012600	0.4934823091247672
chr14	110553000	110553600	0.569620253164557
chr14	112083000	112083800	0.4716981132075472
chr14	112216000	112216600	0.176
chr14	112396000	112397000	0.4635278514588859
chr14	118489000	118490600	0.632420091324201
chr14	118515200	118515800	0.6063829787234043
chr14	118879000	118880900	0.6779252110977081
chr14	120195800	120196400	0.3897849462365591
chr14	121233700	121234500	0.6925566343042071
chr14	123821000	123821600	0.4342379958246347
chr15	3118800	3119400	0.4530386740331492
chr15	3156600	3157200	0.3806818181818182
chr15	3887600	3888400	0.3373493975903614
chr15	4607800	4608400	0.3003533568904594
chr15	6680000	6683800	0.1951793062904174
chr15	9557000	9557800	0.09217877094972067
chr15	9643400	9644000	0.2511013215859031
chr15	16309200	16309800	0.16257668711656442
chr15	18125500	18127800	0.3939393939393939
chr15	19403100	19404600	0.35858585858585856
chr15	21875600	21876200	0.273224043715847
chr15	21889600	21890900	0.4069097888675624
chr15	22487800	22488600	0.4228187919463087
chr15	23823800	23825200	0.3240223463687151
chr15	24648400	24649000	0.4121863799283154
chr15	27025200	27025800	0.6448863636363636
chr15	29737000	29737600	0.10909090909090909
chr15	33269600	33270400	0.43503649635036495
chr15	33867400	33868200	0.3411420204978038
chr15	36483300	36483900	0.5390625
chr15	37759300	37760200	0.6192384769539078
chr15	49279800	49282800	0.40995607613469986
chr15	50572400	50573200	0.2791762013729977
chr15	52845000	52845600	0.24366471734892786
chr15	57413200	57414000	0.3548387096774194
chr15	57822000	57823800	0.6570972886762361
chr15	60172000	60172600	0.40611353711790393
chr15	65268200	65271100	0.41648106904231624
chr15	67911000	67912000	0.28525980911983034
chr15	68180400	68181000	0.8247422680412371
chr15	68368200	68368800	0.38636363636363635
chr15	72806600	72811400	0.7215013901760889
chr15	75013000	75013600	0.27011494252873564
chr15	75031000	75032600	0.301994301994302
chr15	75040400	75041000	0.3263888888888889
chr15	75523400	75524000	0.25961538461538464
chr15	79258200	79262300	0.059882583170254404
chr15	83698800	83701200	0.14579606440071557
chr15	83791800	83792600	0.7058823529411765
chr15	86549000	86549600	0.112
chr15	86568400	86569000	0.6901960784313725
chr15	92767200	92768000	0.7847113884555382
chr15	97058500	97059600	0.6659619450317125
chr15	97486400	97487200	0.5984251968503937
chr15	97793400	97794200	0.5656565656565656
chr15	99867200	99869100	0.42061855670103093
chr15	101063600	101064200	0.47692307692307695
chr15	101194600	101195200	0.629156010230179
chr15	103888600	103889200	0.35542168674698793
chr16	4858200	4860000	0.36284470246734396
chr16	5525000	5525600	0.7076023391812866
chr16	14878400	14879000	0.4666666666666667
chr16	15434000	15434600	0.548936170212766
chr16	18083400	18084000	0.6156716417910447
chr16	19069700	19070400	0.1320754716981132
chr16	21028200	21028800	0.1411042944785276
chr16	21612800	21613600	0.808955223880597
chr16	25190700	25191400	0.5774647887323944
chr16	28621800	28622800	0.2627118644067797
chr16	28853800	28857000	0.3211117681845062
chr16	31050400	31051000	0.4424778761061947
chr16	31156000	31156900	0.5726618705035971
chr16	42003200	42003800	0.5629139072847682
chr16	42657000	42657600	0.610062893081761
chr16	44473800	44474400	0.0821256038647343
chr16	45055800	45056600	0.5260663507109005
chr16	46362400	46363600	0.358695652173913
chr16	47187800	47188400	0.5732484076433121
chr16	47300600	47301400	0.2768304914744233
chr16	48267800	48268400	0.18120805369127516
chr16	48497000	48498000	0.3203125
chr16	50773400	50775600	0.3262316910785619
chr16	52707000	52707600	0.13164556962025317
chr16	53192400	53193000	0.45808383233532934
chr16	54003000	54003800	0.2571428571428571
chr16	54507400	54508000	0.42168674698795183
chr16	56038600	56042000	0.29401993355481726
chr16	57878200	57878800	0.4647887323943662
chr16	58249400	58250000	0.3627684964200477
chr16	60884000	60884800	0.3391812865497076
chr16	62345000	62345800	0.3907894736842105
chr16	64572200	64573200	0.4011904761904762
chr16	65031600	65033000	0.3737024221453287
chr16	67391000	67391600	0.27049180327868855
chr16	68529200	68530000	0.6628571428571428
chr16	69163200	69164200	0.371868978805395
chr16	70947400	70948000	0.19262295081967212
chr16	71976000	71976800	0.4146341463414634
chr16	76403200	76403800	0.510752688172043
chr16	77814600	77815400	0.3829688227082364
chr16	77938000	77938600	0.3484042553191489
chr16	80268100	80269500	0.22325581395348837
chr16	85644000	85644600	0.6666666666666666
chr16	88754800	88755400	0.1223021582733813
chr16	89963100	89964600	0.7288732394366197
chr16	90049600	90050200	0.6434782608695652
chr16	91456200	91457800	0.22641509433962265
chr16	91990700	91991600	0.14204545454545456
chr16	94832800	94833400	0.7192982456140351
chr16	95718800	95719400	0.6993670886075949
chr16	95815600	95816200	0.7735849056603774
chr16	97352000	97352800	0.1938168846611177
chr17	4339800	4340400	0.2714285714285714
chr17	6739400	6741400	0.2122492080253432
chr17	8001000	8006000	0.4428007889546351
chr17	10974200	10974800	0.5039370078740157
chr17	12741200	12743000	0.7521286660359509
chr17	14013600	14014600	0.32616238723108953
chr17	16625000	16625600	0.3783132530120482
chr17	17274800	17275400	0.6150793650793651
chr17	18841600	18842400	0.4732360097323601
chr17	19042400	19043000	0.4098360655737705
chr17	20143500	20144700	0.5542986425339367
chr17	20570800	20571400	0.40058479532163743
chr17	22055800	22058800	0.34092980856882404
chr17	22623600	22624400	0.3289902280130293
chr17	23908000	23909000	0.22922636103151864
chr17	30499400	30500000	0.7367021276595744
chr17	32016400	32017000	0.7155555555555555
chr17	32069800	32070400	0.42718446601941745
chr17	32587400	32588000	0.6684636118598383
chr17	34044400	34046400	0.7245119305856833
chr17	34398600	34399400	0.41509433962264153
chr17	35281200	35282600	0.31485148514851485
chr17	35363400	35364000	0.3525641025641026
chr17	37730800	37731600	0.41055718475073316
chr17	38897600	38898200	0.4266666666666667
chr17	38982200	38983200	0.33532934131736525
chr17	40645600	40646200	0.3926940639269406
chr17	41603400	41604000	0.3706896551724138
chr17	45196600	45197200	0.45257452574525747
chr17	49281200	49281800	0.6188118811881188
chr17	50177600	50178200	0.3568075117370892
chr17	52988400	52989000	0.37047353760445684
chr17	53983800	53985100	0.4097560975609756
chr17	54552000	54552600	0.45569620253164556
chr17	55557800	55558400	0.45907928388746805
chr17	60275600	60276200	0.3884297520661157
chr17	60745600	60746300	0.45348837209302323
chr17	62402200	62402800	0.2714285714285714
chr17	67811100	67813100	0.577433628318584
chr17	69285900	69289200	0.6879725085910653
chr17	73827000	73830400	0.6768867924528302
chr17	77797600	77798200	0.45864661654135336
chr17	84629600	84630200	0.456
chr17	85737200	85738000	0.39072847682119205
chr17	87133600	87135200	0.6368754398311048
chr17	90478800	90479600	0.43508771929824563
chr17	91271800	91272800	0.26996197718631176
chr17	91359200	91359800	0.16901408450704225
chr17	92040600	92041200	0.12837837837837837
chr17	92103600	92104400	0.2054794520547945
chr17	92997800	92998400	0.4925373134328358
chr17	93403900	93404600	0.1951219512195122
chr17	94500800	94501400	0.2857142857142857
chr18	3227200	3227800	0.4129692832764505
chr18	3711600	3712200	0.40816326530612246
chr18	3873200	3875200	0.3632862644415918
chr18	7274200	7275000	0.47
chr18	7771200	7771800	0.11420612813370473
chr18	7816800	7817400	0.48484848484848486
chr18	11746600	11747400	0.16246498599439776
chr18	12972600	12974800	0.7501945525291829
chr18	13172800	13173400	0.4207221350078493
chr18	15988800	15992800	0.1934782608695652
chr18	16288800	16289400	0.34396671289875175
chr18	17352300	17353300	0.3489795918367347
chr18	24705600	24706200	0.23204419889502761
chr18	32877000	32877600	0.6056338028169014
chr18	35528400	35529000	0.11607142857142858
chr18	36850600	36853400	0.28353658536585363
chr18	38359200	38359800	0.08121827411167512
chr18	44698400	44699000	0.6764705882352942
chr18	46317400	46318200	0.04893617021276596
chr18	50090200	50090800	0.7482014388489209
chr18	54158800	54159400	0.07983193277310924
chr18	58804200	58804800	0.2873263888888889
chr18	58853400	58854200	0.3423728813559322
chr18	59357400	59358200	0.2200557103064067
chr18	60412200	60412800	0.3146067415730337
chr18	61358000	61358600	0.5907335907335908
chr18	69159200	69159900	0.4808510638297872
chr18	70509000	70510600	0.5995975855130785
chr18	70705800	70706400	0.6091370558375635
chr18	71209100	71209900	0.25961538461538464
chr18	74151100	74151800	0.6943765281173594
chr18	77207800	77208400	0.0
chr18	77368800	77369400	0.415041782729805
chr18	79933000	79934400	0.29094827586206895
chr18	83134800	83135600	0.5805084745762712
chr18	87160400	87161400	0.3377926421404682
chr18	87695600	87696200	0.22402597402597402
chr18	89407600	89408200	0.26433915211970077
chr18	90429800	90430800	0.45478036175710596
chr18	90559000	90560400	0.2844932844932845
chr19	5406200	5407000	0.42720763723150357
chr19	5861400	5862600	0.764505119453925
chr19	7859800	7860400	0.47035573122529645
chr19	8032600	8034200	0.4559748427672956
chr19	8276800	8277400	0.46296296296296297
chr19	8323800	8324400	0.37055837563451777
chr19	9375000	9375600	0.4898989898989899
chr19	9717600	9718200	0.7540983606557377
chr19	10425000	10425700	0.37623762376237624
chr19	11670400	11671000	0.5866983372921615
chr19	12543800	12545200	0.10028653295128939
chr19	13159600	13160200	0.47478991596638653
chr19	19241200	19241800	0.3115942028985507
chr19	19508600	19509300	0.36141304347826086
chr19	20754600	20755200	0.30244755244755245
chr19	21248000	21248600	0.37083333333333335
chr19	24970000	24970800	0.19576719576719576
chr19	25426800	25428400	0.6540755467196819
chr19	25819200	25819800	0.21037463976945245
chr19	26897200	26897800	0.4049586776859504
chr19	31722600	31724200	0.22649172133708217
chr19	39157000	39157800	0.34335443037974683
chr19	43738000	43738700	0.6746626686656672
chr19	44712800	44713600	0.24504504504504504
chr19	46579800	46581000	0.7124658780709736
chr19	47896200	47898300	0.6495263870094723
chr19	51469400	51470000	0.5151515151515151
chr19	51701200	51701800	0.4206730769230769
chr19	51955200	51955800	0.2366412213740458
chr19	53580200	53580800	0.576036866359447
chr19	54911600	54912200	0.2995169082125604
chr19	55593200	55593900	0.840531561461794
chr19	55628000	55630600	0.6715686274509803
chr19	55931400	55932000	0.6448598130841121
chr19	56231600	56232200	0.5506072874493927
chr19	56326000	56326800	0.6967418546365914
chr19	57378400	57381600	0.616370808678501
chr19	57437000	57439600	0.23986321446018563
chr19	58706400	58707200	0.08571428571428572
chr19	58799200	58800700	0.5449330783938815
chr19	61207600	61208200	0.45907473309608543
chr2	7509100	7509800	0.15609756097560976
chr2	7629900	7630600	0.4476744186046512
chr2	12449200	12450000	0.27566539923954375
chr2	13913200	13913800	0.1810344827586207
chr2	15334400	15335000	0.36122448979591837
chr2	15663600	15664400	0.41456582633053224
chr2	16894600	16895200	0.46064814814814814
chr2	19914600	19915400	0.32926829268292684
chr2	21246400	21247000	0.3795811518324607
chr2	22275000	22275600	0.583732057416268
chr2	24237600	24238200	0.464354527938343
chr2	26664300	26665100	0.109375
chr2	28228800	28229800	0.71499176276771
chr2	36316700	36317400	0.5142857142857142
chr2	36807600	36808400	0.24804992199687986
chr2	36964400	36965000	0.3620689655172414
chr2	38568600	38571000	0.5094827586206897
chr2	39704000	39704800	0.3274478330658106
chr2	43071400	43072000	0.4354066985645933
chr2	43329200	43330000	0.39194139194139194
chr2	48227200	48227800	0.454337899543379
chr2	48784800	48786800	0.30014224751066854
chr2	48853600	48854200	0.46445497630331756
chr2	52338400	52339400	0.3776223776223776
chr2	55999000	55999600	0.6091954022988506
chr2	59817400	59819000	0.7225325884543762
chr2	59843000	59844000	0.7523719165085389
chr2	63397600	63398200	0.2973856209150327
chr2	63805600	63806200	0.681184668989547
chr2	66736600	66737200	0.3665768194070081
chr2	73010400	73013200	0.08961996596710153
chr2	76709800	76713000	0.7137879542060727
chr2	76722900	76725900	0.7566409597257926
chr2	78617000	78617600	0.2984409799554566
chr2	85070000	85070600	0.4230769230769231
chr2	85471900	85473100	0.288135593220339
chr2	88212200	88212800	0.6079854809437386
chr2	89560600	89561200	0.34523809523809523
chr2	95695800	95696400	0.25153374233128833
chr2	98208200	98208800	0.5124223602484472
chr2	98752000	98752600	0.31140350877192985
chr2	107171400	107172000	0.49327354260089684
chr2	108202400	108203200	0.25
chr2	110095200	110095800	0.46285714285714286
chr2	111040800	111041400	0.12275449101796407
chr2	111936200	111936800	0.2717948717948718
chr2	116454200	116454800	0.2215568862275449
chr2	125617400	125618000	0.42093023255813955
chr2	127577000	127577700	0.6868686868686869
chr2	139476000	139476600	0.3341404358353511
chr2	147672200	147672800	0.3466135458167331
chr2	148745200	148747200	0.3612040133779264
chr2	149519300	149520000	0.31773879142300193
chr2	152686400	152688000	0.68040370058873
chr2	155987400	155988700	0.6650717703349283
chr2	156482000	156482600	0.10819672131147541
chr2	156747800	156749200	0.6328392246294184
chr2	157557300	157562400	0.6822541966426858
chr2	159345800	159346800	0.2610294117647059
chr2	160753600	160754200	0.6258064516129033
chr2	162841600	162842200	0.7076923076923077
chr2	163469400	163470200	0.5870307167235495
chr2	164502200	164503000	0.5879629629629629
chr2	165296400	165297800	0.7796242774566474
chr2	165380000	165383600	0.6919831223628692
chr2	165514700	165516300	0.7636554621848739
chr2	166430400	166432600	0.1984375
chr2	166629600	166633200	0.5962933118452861
chr2	168488600	168489600	0.5074074074074074
chr2	168622800	168624200	0.21215733015494637
chr2	168979600	168980200	0.7533333333333333
chr2	169764800	169765400	0.6486486486486487
chr2	170504400	170505200	0.4623955431754875
chr2	170891200	170891800	0.0875
chr2	172001800	172004200	0.26788990825688075
chr2	172291600	172292800	0.0915032679738562
chr2	172895400	172897100	0.43541364296081275
chr2	173066600	173067200	0.3333333333333333
chr2	173098000	173098600	0.11188811188811189
chr2	173455400	173456000	0.37433155080213903
chr2	173645800	173647600	0.4894894894894895
chr2	174092200	174092800	0.8722741433021807
chr2	174096800	174099400	0.5702199661590525
chr2	174121800	174122400	0.034
chr2	174293700	174301200	0.7497546614327772
chr2	174345100	174346600	0.6890909090909091
chr2	176790000	176790600	0.4570446735395189
chr2	177281600	177282200	0.15730337078651685
chr2	179179200	179179800	0.6309148264984227
chr2	179298200	179299400	0.32786885245901637
chr2	179605200	179605800	0.7475247524752475
chr2	181092000	181092600	0.60062893081761
chr2	181109400	181110000	0.42657342657342656
chr2	181112800	181113400	0.6615720524017468
chr3	5903000	5903600	0.2512437810945274
chr3	6377200	6379100	0.17761557177615572
chr3	7302200	7304800	0.4182076813655761
chr3	8129400	8130200	0.4253521126760563
chr3	13130200	13131000	0.18933333333333333
chr3	14447200	14448000	0.3411371237458194
chr3	14745400	14746000	0.3524355300859599
chr3	16249900	16250500	0.2564102564102564
chr3	19584400	19585000	0.6515151515151515
chr3	20419000	20419600	0.3235294117647059
chr3	20854000	20854600	0.38961038961038963
chr3	22284400	22285400	0.556782334384858
chr3	22954800	22955600	0.26688632619439867
chr3	22961200	22962000	0.3561643835616438
chr3	23314200	23314800	0.45340909090909093
chr3	24810000	24810600	0.6331168831168831
chr3	26601600	26602400	0.6427320490367776
chr3	26906000	26906600	0.4298440979955457
chr3	27258200	27258800	0.021604938271604937
chr3	29719400	29720200	0.46723044397463004
chr3	32313800	32314600	0.4055459272097054
chr3	33479200	33480000	0.1556122448979592
chr3	35171200	35171800	0.281767955801105
chr3	36853200	36853800	0.4847870182555781
chr3	38455200	38457200	0.6730205278592375
chr3	38626800	38627400	0.4728682170542636
chr3	39173800	39174400	0.2727272727272727
chr3	43491800	43492400	0.30434782608695654
chr3	45578400	45579800	0.2701838529176659
chr3	51264200	51265200	0.8214285714285714
chr3	53323200	53323800	0.3492647058823529
chr3	53721200	53723800	0.26040268456375837
chr3	53888000	53888600	0.3220338983050847
chr3	55102000	55102600	0.028089887640449437
chr3	56009200	56009800	0.23711340206185566
chr3	56853800	56854400	0.48859934853420195
chr3	57869600	57870200	0.5522875816993464
chr3	59689000	59689600	0.4295190713101161
chr3	66112200	66112800	0.2727272727272727
chr3	66268800	66269400	0.47001034126163393
chr3	67775800	67777200	0.2943820224719101
chr3	70745800	70746800	0.42244224422442245
chr3	71225600	71226200	0.21818181818181817
chr3	73863800	73864800	0.21868787276341947
chr3	74864800	74865500	0.2857142857142857
chr3	75715000	75715600	0.404
chr3	78249800	78250400	0.4508670520231214
chr3	87535400	87536800	0.5520581113801453
chr3	88240800	88241700	0.6538987688098495
chr3	91649400	91650000	0.4
chr3	93619800	93620500	0.4127906976744186
chr3	94254600	94255200	0.6573426573426573
chr3	97086600	97087200	0.27941176470588236
chr3	98098000	98101000	0.6955503512880562
chr3	101450800	101451400	0.44651162790697674
chr3	106247400	106248000	0.5347826086956522
chr3	108242200	108244700	0.4353182751540041
chr3	110057000	110058200	0.3115349682107175
chr3	111724700	111725400	0.27122641509433965
chr3	112566200	112566800	0.45255474452554745
chr3	112746800	112747400	0.3569620253164557
chr3	113065200	113065800	0.3771186440677966
chr3	113218600	113219200	0.3489583333333333
chr3	113669400	113670000	0.16891891891891891
chr3	115442600	115443200	0.38028169014084506
chr3	117168800	117169400	0.375
chr3	117776200	117776800	0.14334470989761092
chr3	119312000	119312600	0.08835341365461848
chr3	120740800	120742600	0.2843086483687209
chr3	123817200	123818000	0.4517543859649123
chr3	124166200	124166800	0.5
chr3	125029600	125030200	0.2548076923076923
chr3	126910800	126911400	0.3709677419354839
chr3	128446000	128446600	0.4112903225806452
chr3	128808000	128808600	0.35782747603833864
chr3	128966400	128967000	0.4032258064516129
chr3	135774400	135775000	0.4980694980694981
chr3	139188400	139189000	0.7112068965517241
chr3	151234000	151234600	0.41434262948207173
chr3	156966600	156967600	0.31722054380664655
chr3	159303000	159306400	0.38904899135446686
chr4	4028600	4029200	0.5146341463414634
chr4	6609200	6610000	0.33537519142419603
chr4	8135400	8136400	0.3297644539614561
chr4	10354000	10354800	0.5815450643776824
chr4	11400000	11401000	0.7656675749318801
chr4	12136600	12137600	0.5887392900856793
chr4	12959200	12959800	0.39325842696629215
chr4	14423800	14424400	0.3176470588235294
chr4	14984200	14984800	0.5
chr4	15341400	15344000	0.23709677419354838
chr4	16246600	16249200	0.2966101694915254
chr4	16810400	16811200	0.5260869565217391
chr4	16862800	16863400	0.39823008849557523
chr4	17065700	17066400	0.5595854922279793
chr4	20207000	20207600	0.44349680170575695
chr4	20919600	20920400	0.3924731182795699
chr4	22200600	22201200	0.6363636363636364
chr4	23421200	23424000	0.347970173985087
chr4	25159200	25160000	0.33519553072625696
chr4	25188000	25189600	0.32595325953259535
chr4	32894000	32894800	0.7901234567901234
chr4	33301400	33302000	0.38308457711442784
chr4	35781200	35781800	0.42045454545454547
chr4	37224000	37225200	0.30834213305174235
chr4	37365800	37368400	0.22580645161290322
chr4	38383600	38384200	0.06338028169014084
chr4	41637400	41639000	0.1403091557669441
chr4	43568000	43569200	0.6548672566371682
chr4	44264800	44265600	0.2017167381974249
chr4	50319700	50320400	0.4975609756097561
chr4	53126400	53127200	0.2324159021406728
chr4	54695600	54696200	0.6398809523809523
chr4	55402400	55403000	0.028089887640449437
chr4	55418800	55419600	0.4400317712470214
chr4	60457800	60458800	0.32009345794392524
chr4	62991200	62991800	0.0273972602739726
chr4	65613100	65615200	0.648910411622276
chr4	66681800	66682500	0.3892128279883382
chr4	67916000	67916600	0.30319148936170215
chr4	69569600	69570200	0.5568181818181818
chr4	70815800	70816900	0.4297872340425532
chr4	70832200	70832800	0.2904191616766467
chr4	71915400	71916000	0.4104803493449782
chr4	74648800	74649400	0.646551724137931
chr4	77151800	77152400	0.41458333333333336
chr4	80928400	80930400	0.43454038997214484
chr4	82672000	82674000	0.2761904761904762
chr4	82791800	82792500	0.3990461049284579
chr4	88481200	88481800	0.22456140350877193
chr4	91068800	91069400	0.3916554508748318
chr4	91576200	91576800	0.3064935064935065
chr4	91654200	91655400	0.26242236024844723
chr4	92763800	92764400	0.4597402597402597
chr4	99731400	99732000	0.26991150442477874
chr4	103168800	103169400	0.4486301369863014
chr4	110863200	110863800	0.25
chr4	111271600	111273800	0.38184663536776214
chr4	113836400	113837000	0.38974358974358975
chr4	115194600	115195200	0.5675675675675675
chr4	117477800	117478400	0.14759036144578314
chr4	121378400	121379100	0.45454545454545453
chr4	122662600	122663200	0.1821705426356589
chr4	124549200	124549800	0.288
chr4	125182200	125182800	0.11764705882352941
chr4	128483200	128483800	0.6966292134831461
chr4	128585400	128590000	0.6649628252788105
chr4	131012200	131013000	0.38266384778012685
chr4	131495000	131495600	0.6285714285714286
chr4	131788200	131788800	0.4722838137472284
chr4	135802000	135802600	0.09905660377358491
chr4	138291800	138294000	0.1540436456996149
chr4	138706600	138707200	0.7073170731707317
chr4	139784200	139785000	0.22093023255813954
chr4	140458600	140462000	0.07954545454545454
chr4	140786000	140786800	0.3983402489626556
chr4	143579200	143579800	0.9090909090909091
chr4	143827200	143827800	0.28125
chr4	145572900	145573600	0.4261715296198055
chr4	150878200	150880300	0.7091666666666666
chr4	151144400	151145600	0.16805555555555557
chr4	151248800	151251800	0.14795008912655971
chr4	151876200	151876800	0.06016597510373444
chr4	153314600	153315200	0.0041841004184100415
chr4	154112800	154113400	0.1409090909090909
chr4	155854800	155855400	0.7547683923705722
chr5	3436000	3437600	0.30927152317880796
chr5	3613600	3614300	0.6065318818040435
chr5	8759400	8760100	0.23529411764705882
chr5	11619000	11619800	0.3504043126684636
chr5	11963200	11964000	0.20454545454545456
chr5	16755400	16756000	0.26837606837606837
chr5	17682600	17684300	0.3220108695652174
chr5	26044000	26047200	0.2398190045248869
chr5	26929600	26930200	0.572463768115942
chr5	29408800	29409400	0.38524590163934425
chr5	29983200	29984000	0.42857142857142855
chr5	36966800	36968500	0.6850802644003777
chr5	37326200	37326800	0.5793991416309013
chr5	38673200	38674400	0.6233333333333333
chr5	38912000	38912600	0.33147632311977715
chr5	42661600	42662400	0.40081799591002043
chr5	45345600	45346200	0.1551155115511551
chr5	52918400	52919000	0.17295597484276728
chr5	53582400	53583000	0.15560640732265446
chr5	55011000	55013200	0.40117994100294985
chr5	56128800	56129600	0.31752577319587627
chr5	58647000	58648700	0.2846153846153846
chr5	61292600	61294200	0.2935973041280539
chr5	61879000	61880200	0.33865814696485624
chr5	62138500	62139200	0.4861111111111111
chr5	63225600	63227900	0.43858431644691187
chr5	63727200	63727800	0.09491525423728814
chr5	64906400	64907000	0.16666666666666666
chr5	69426800	69428200	0.34791666666666665
chr5	69639800	69640800	0.3609467455621302
chr5	70002000	70002600	0.3018292682926829
chr5	70117200	70117800	0.3864306784660767
chr5	70561400	70562000	0.3901639344262295
chr5	73859600	73860200	0.4533333333333333
chr5	75653400	75655700	0.7047817047817048
chr5	86594200	86595000	0.25703794369645044
chr5	87966400	87967000	0.32751091703056767
chr5	90372400	90373000	0.2743142144638404
chr5	96672000	96672600	0.30493273542600896
chr5	97063800	97064400	0.5704697986577181
chr5	97087000	97088100	0.7435897435897436
chr5	99943600	99944600	0.6990291262135923
chr5	100726600	100727200	0.1791044776119403
chr5	105811600	105813800	0.7298031228784793
chr5	109550000	109553400	0.5629032258064516
chr5	109971600	109972200	0.3135593220338983
chr5	112098400	112099000	0.3923076923076923
chr5	113623600	113625000	0.5971128608923885
chr5	114196400	114197200	0.6042296072507553
chr5	114802400	114804800	0.6649635036496351
chr5	116803400	116804000	0.6666666666666666
chr5	116981600	116982500	0.1634980988593156
chr5	117295800	117296400	0.5930232558139535
chr5	117707800	117708500	0.598825831702544
chr5	118491600	118492200	0.48
chr5	119440300	119441200	0.5217391304347826
chr5	124124600	124125200	0.5423728813559322
chr5	125035800	125036400	0.5492957746478874
chr5	125785600	125788000	0.6398429833169774
chr5	128759300	128760200	0.6564885496183206
chr5	128781600	128782400	0.7462203023758099
chr5	129623400	129624000	0.35050071530758226
chr5	129657400	129658000	0.353322528363047
chr5	129862400	129863000	0.6437125748502994
chr5	131439400	131441000	0.6867071152785439
chr5	131554200	131554800	0.5314685314685315
chr5	134076000	134076600	0.21354166666666666
chr5	134217000	134218000	0.1391509433962264
chr5	135348600	135352200	0.6644688644688644
chr5	141154600	141155200	0.031746031746031744
chr5	143758000	143758600	0.6640471512770137
chr5	143966600	143967900	0.6844583987441131
chr5	144092200	144093000	0.31893687707641194
chr5	144555000	144556600	0.6005830903790087
chr5	144621800	144623600	0.15384615384615385
chr5	146470000	146471000	0.6018018018018018
chr5	148384800	148385400	0.4505703422053232
chr6	3121000	3121600	0.6795774647887324
chr6	4092000	4093000	0.350541215653622
chr6	4747200	4755600	0.7338099243061396
chr6	5476600	5477200	0.2871287128712871
chr6	5480000	5481000	0.42201834862385323
chr6	6626000	6627000	0.33460076045627374
chr6	7113000	7113600	0.6225165562913907
chr6	7460200	7461000	0.3873239436619718
chr6	8334600	8335200	0.3643724696356275
chr6	11205200	11206200	0.41839762611275966
chr6	11378600	11379200	0.27906976744186046
chr6	11421200	11421800	0.4230769230769231
chr6	11864600	11865200	0.291044776119403
chr6	11890800	11891400	0.32264957264957267
chr6	12775400	12776000	0.5704845814977973
chr6	14380000	14380800	0.47126436781609193
chr6	14929000	14929800	0.43983402489626555
chr6	15457800	15458400	0.1814516129032258
chr6	18585400	18587800	0.29431721798134014
chr6	20528000	20528600	0.19725557461406518
chr6	24069000	24069800	0.42124542124542125
chr6	24717200	24718400	0.10583446404341927
chr6	26753200	26755000	0.292259083728278
chr6	26992400	26993200	0.2315270935960591
chr6	28178000	28178800	0.5450522928399034
chr6	30735200	30739400	0.838871187983614
chr6	30929100	30929800	0.6425339366515838
chr6	33664800	33665600	0.29473684210526313
chr6	35964600	35965200	0.5040983606557377
chr6	38128200	38128800	0.5975103734439834
chr6	41926800	41928600	0.23282887077997672
chr6	42502200	42502800	0.3333333333333333
chr6	43131200	43131800	0.33843537414965985
chr6	46153400	46154000	0.45098039215686275
chr6	46226400	46227000	0.3302325581395349
chr6	47904200	47905600	0.7595402298850574
chr6	49971000	49971600	0.2315112540192926
chr6	50619600	50621600	0.2327209098862642
chr6	55496800	55497400	0.6072727272727273
chr6	56965800	56966600	0.2985781990521327
chr6	57052600	57053400	0.0638002773925104
chr6	58017600	58018200	0.15172413793103448
chr6	58712400	58713000	0.3103448275862069
chr6	58906200	58907400	0.5982142857142857
chr6	59911200	59911800	0.3389261744966443
chr6	60575600	60576200	0.168141592920354
chr6	60897600	60898600	0.5390070921985816
chr6	63922800	63925400	0.3348801237432328
chr6	66828600	66829200	0.20195439739413681
chr6	69802800	69803600	0.34222919937205654
chr6	70008400	70009000	0.44525547445255476
chr6	70019800	70020600	0.40525587828492393
chr6	74658800	74659400	0.4405594405594406
chr6	75343200	75343800	0.3431372549019608
chr6	76098200	76098800	0.5273972602739726
chr6	76618000	76618600	0.23148148148148148
chr6	78524800	78525900	0.3135802469135803
chr6	78938000	78939200	0.5016835016835017
chr6	80378800	80379600	0.267223382045929
chr6	81336200	81339000	0.2215302491103203
chr6	82212400	82213000	0.46303501945525294
chr6	89322600	89323900	0.6208333333333333
chr6	89332700	89334200	0.48579545454545453
chr6	93068300	93069100	0.46105919003115264
chr6	96704400	96706800	0.34478935698447893
chr6	99877800	99878600	0.5621970920840065
chr6	101150400	101152900	0.7279236276849642
chr6	101453800	101454400	0.372972972972973
chr6	101825000	101825600	0.30701754385964913
chr6	104384800	104385800	0.20512820512820512
chr6	105426900	105427600	0.1875
chr6	118617600	118618200	0.05670103092783505
chr6	123243800	123244400	0.4087301587301587
chr6	123762200	123762800	0.43728813559322033
chr6	125249200	125252100	0.24452554744525548
chr6	129845800	129846600	0.5067114093959731
chr6	132642600	132643200	0.5164179104477612
chr6	133948600	133949200	0.3855421686746988
chr6	135732000	135734000	0.660122699386503
chr6	136398200	136402000	0.6986301369863014
chr6	137621200	137621800	0.7894736842105263
chr6	137715800	137716400	0.2983425414364641
chr6	139768400	139769000	0.275
chr6	141211000	141211600	0.44840525328330205
chr6	142167800	142168700	0.46693386773547096
chr6	142202600	142203200	0.7564102564102564
chr6	142396600	142399600	0.7075405214940098
chr6	142768600	142770800	0.628158844765343
chr6	143464800	143465400	0.31627906976744186
chr6	148154600	148155400	0.5015673981191222
chr7	3961400	3962000	0.3
chr7	6131800	6133400	0.8075499629903775
chr7	6677000	6678200	0.44861337683523655
chr7	6708400	6711700	0.6711711711711712
chr7	6727200	6731400	0.6781033153430994
chr7	7043400	7044100	0.49698795180722893
chr7	7063400	7065100	0.22282608695652173
chr7	7761000	7761600	0.396
chr7	10082600	10083200	0.66
chr7	10296000	10296600	0.42342342342342343
chr7	11829800	11830800	0.27209302325581397
chr7	12566200	12566800	0.6731391585760518
chr7	12970400	12971800	0.7602179836512262
chr7	13946000	13946800	0.3893805309734513
chr7	15280000	15280600	0.33448275862068966
chr7	15511200	15511800	0.26277372262773724
chr7	16771200	16772300	0.24202127659574468
chr7	17196600	17197200	0.58
chr7	23357600	23358600	0.6810584958217271
chr7	24034800	24035400	0.0963855421686747
chr7	24164200	24165000	0.5189393939393939
chr7	25865600	25866400	0.2595078299776286
chr7	26410800	26411400	0.24390243902439024
chr7	28099000	28099800	0.7585365853658537
chr7	28109600	28112200	0.35766423357664234
chr7	31687600	31688200	0.28888888888888886
chr7	31963400	31964000	0.5036855036855037
chr7	32720400	32721200	0.49162011173184356
chr7	35274800	35275800	0.5974025974025974
chr7	39837000	39837600	0.43157894736842106
chr7	42914400	42915000	0.31092436974789917
chr7	44079600	44080200	0.22033898305084745
chr7	46497600	46500400	0.7216312056737588
chr7	48386300	48387000	0.5467625899280576
chr7	49464400	49465200	0.7707006369426752
chr7	51329400	51330200	0.3319838056680162
chr7	52410800	52411800	0.22807017543859648
chr7	53621800	53622400	0.2926829268292683
chr7	59864700	59866600	0.4751908396946565
chr7	60003000	60005400	0.8011583011583011
chr7	61406800	61407400	0.3333333333333333
chr7	67149800	67150400	0.8119469026548672
chr7	69595600	69596200	0.434640522875817
chr7	69724000	69726200	0.30727470141150925
chr7	75865200	75865800	0.6991452991452991
chr7	79115500	79118200	0.10062893081761007
chr7	82540000	82540800	0.03287671232876712
chr7	83567600	83568200	0.12240184757505773
chr7	84719000	84719600	0.332
chr7	86008800	86009700	0.3405994550408719
chr7	87902600	87904200	0.2396551724137931
chr7	92341200	92341800	0.5971830985915493
chr7	92356000	92356600	0.5
chr7	94795400	94796000	0.49019607843137253
chr7	95533000	95533600	0.6066350710900474
chr7	101464000	101464600	0.4482758620689655
chr7	106253200	106253800	0.21132075471698114
chr7	107951400	107952200	0.7433920704845814
chr7	108026200	108028400	0.25798872180451127
chr7	109026200	109027000	0.828125
chr7	111232600	111233200	0.14953271028037382
chr7	117667200	117668000	0.5766590389016019
chr7	125505400	125506800	0.18726591760299627
chr7	127866200	127868400	0.6950629235237173
chr7	128685000	128689800	0.6984219754529515
chr7	131106000	131106600	0.6095890410958904
chr7	137127800	137130200	0.5616776315789473
chr7	137416200	137418400	0.39959016393442626
chr7	138665400	138666200	0.3888888888888889
chr7	140027800	140029200	0.6113744075829384
chr7	140738500	140741200	0.33026584867075665
chr7	142579900	142582200	0.035015447991761074
chr7	143294800	143296800	0.7373949579831933
chr7	143340400	143341000	0.6384180790960452
chr7	143677800	143678400	0.39862542955326463
chr7	143691600	143694600	0.5039164490861618
chr7	144168200	144172200	0.4740853658536585
chr8	3994000	3997400	0.6873076923076923
chr8	4808200	4808900	0.4364123159303882
chr8	5639600	5640800	0.5394088669950738
chr8	5784500	5785200	0.4555984555984556
chr8	6481400	6482100	0.4244604316546763
chr8	9158600	9159200	0.41839762611275966
chr8	9783200	9785600	0.2525832376578645
chr8	10756200	10756800	0.6370967741935484
chr8	12238400	12239000	0.4685466377440347
chr8	12746200	12746800	0.12883435582822086
chr8	12969200	12970200	0.198943661971831
chr8	13268200	13269000	0.5977011494252874
chr8	13746400	13749600	0.11452810180275716
chr8	14822300	14823000	0.5909694555112882
chr8	15095200	15095800	0.45517241379310347
chr8	15154400	15155200	0.3333333333333333
chr8	17190200	17191000	0.3953900709219858
chr8	18264800	18265400	0.3201581027667984
chr8	19314400	19315200	0.06651376146788991
chr8	19529400	19530000	0.2692307692307692
chr8	20129200	20129800	0.3096774193548387
chr8	21272000	21273000	0.32217573221757323
chr8	21359200	21359800	0.2702702702702703
chr8	21602100	21602700	0.4199475065616798
chr8	21711200	21711800	0.45965770171149145
chr8	22052800	22053400	0.21774193548387097
chr8	22535200	22535800	0.6905829596412556
chr8	28619400	28620200	0.4129692832764505
chr8	28904000	28904800	0.29693486590038315
chr8	33487600	33488200	0.1626984126984127
chr8	35089400	35090000	0.4948453608247423
chr8	36304400	36305000	0.3781818181818182
chr8	38287400	38288000	0.4755244755244755
chr8	38950000	38950600	0.24193548387096775
chr8	39729600	39730400	0.4984093319194062
chr8	40844000	40844600	0.4329268292682927
chr8	40883200	40884000	0.2548780487804878
chr8	43977400	43978200	0.36416184971098264
chr8	45023400	45025600	0.7145557655954632
chr8	45039900	45041000	0.6248821866163996
chr8	46158800	46159600	0.15471698113207547
chr8	46378400	46379200	0.3818615751789976
chr8	48228300	48229400	0.4318936877076412
chr8	48235600	48236200	0.4106666666666667
chr8	48276100	48276900	0.766704416761042
chr8	49981600	49983000	0.32097989949748745
chr8	52061200	52062000	0.2420749279538905
chr8	52657600	52658200	0.2064516129032258
chr8	54317200	54317800	0.44660194174757284
chr8	55395200	55396000	0.23776223776223776
chr8	57503800	57504400	0.6103286384976526
chr8	62330800	62331400	0.3726235741444867
chr8	63683000	63683800	0.31057268722466963
chr8	65184600	65185300	0.4867986798679868
chr8	65305400	65306000	0.2553191489361702
chr8	67781800	67782400	0.23648648648648649
chr8	68847800	68848400	0.4890710382513661
chr8	70375500	70378200	0.5342910101946247
chr8	73962000	73962600	0.26011560693641617
chr8	78588200	78590000	0.6738351254480287
chr8	79315000	79315600	0.12345679012345678
chr8	80521400	80522000	0.125
chr8	81195800	81196400	0.4519774011299435
chr8	83479600	83480200	0.325068870523416
chr8	84994600	84995200	0.32
chr8	85510000	85510600	0.5789473684210527
chr8	91409000	91410200	0.7330567081604425
chr8	93298600	93299400	0.4229559748427673
chr8	95293000	95294200	0.2894736842105263
chr8	96507200	96507800	0.26706231454005935
chr8	98698700	98699900	0.3310810810810811
chr8	99466000	99466800	0.28944504896626766
chr8	101710600	101711400	0.27672955974842767
chr8	102147200	102148800	0.25
chr8	102365300	102366000	0.5689149560117303
chr8	102953400	102954000	0.3563218390804598
chr8	106424800	106425700	0.7309322033898306
chr8	110087400	110090000	0.759493670886076
chr8	110108000	110110200	0.09610389610389611
chr8	112483800	112484400	0.30538922155688625
chr8	113035200	113035800	0.12290502793296089
chr8	119372800	119373600	0.25092250922509224
chr8	120338000	120339800	0.6469740634005764
chr8	120611600	120612200	0.5583756345177665
chr8	121045200	121045800	0.2047244094488189
chr8	122260800	122267200	0.6502044668134633
chr8	122860600	122867200	0.7220873786407767
chr8	123420800	123421600	0.714095744680851
chr8	124679400	124684800	0.6424192889252145
chr8	125753000	125754000	0.652317880794702
chr8	129102200	129102800	0.4577114427860697
chr9	3501400	3502000	0.4502923976608187
chr9	3807600	3808300	0.26345609065155806
chr9	5057400	5058000	0.37579617834394907
chr9	5364800	5365400	0.3545108005082592
chr9	5396600	5397400	0.4175084175084175
chr9	5642300	5643600	0.6339869281045751
chr9	6073200	6073800	0.3411764705882353
chr9	8477400	8478000	0.4276729559748428
chr9	9331800	9334200	0.1791044776119403
chr9	11341800	11342400	0.3220858895705521
chr9	13743800	13744600	0.6342857142857142
chr9	18796600	18797400	0.4602409638554217
chr9	19288400	19289000	0.33670520231213874
chr9	19928000	19928600	0.5
chr9	22090600	22091200	0.09446254071661238
chr9	23608000	23609000	0.16542473919523099
chr9	24706400	24707800	0.22285714285714286
chr9	26751400	26752000	0.6146179401993356
chr9	27333100	27335600	0.6962384669978708
chr9	29705800	29706400	0.11469534050179211
chr9	30830000	30830800	0.18584070796460178
chr9	31734800	31735400	0.39669421487603307
chr9	32321800	32322600	0.6774193548387096
chr9	39029000	39029600	0.2922077922077922
chr9	40040600	40041200	0.39649122807017545
chr9	40207400	40208000	0.5814977973568282
chr9	41976600	41977200	0.45390070921985815
chr9	44121200	44121800	0.03896103896103896
chr9	57840900	57841600	0.39628482972136225
chr9	60539100	60540200	0.25206611570247933
chr9	75709000	75709600	0.4695121951219512
chr9	75978800	75979400	0.2597938144329897
chr9	76689400	76690000	0.44047619047619047
chr9	77473400	77474000	0.65
chr9	78931800	78932400	0.42105263157894735
chr9	79540600	79543600	0.3269230769230769
chr9	84852000	84852600	0.3473053892215569
chr9	88001800	88002400	0.4
chr9	89469200	89469800	0.35344827586206895
chr9	89879400	89882000	0.11574074074074074
chr9	93049600	93050600	0.475
chr9	96665400	96667400	0.37667304015296366
chr9	98348600	98350200	0.21614583333333334
chr9	99599800	99600400	0.3160377358490566
chr9	101448400	101449000	0.6785714285714286
chr9	103721000	103721600	0.7202797202797203
chr9	114033600	114034400	0.29320388349514565
chr9	121040800	121042500	0.5908579992506556
