chr1	3878000	3878600	0.3333333333333333
chr1	4921800	4922400	0.9217391304347826
chr1	5040400	5041000	0.5238095238095238
chr1	5047000	5047600	0.41904761904761906
chr1	5071800	5073000	0.7408829174664108
chr1	5423200	5423800	0.3464052287581699
chr1	6012800	6013400	0.6504854368932039
chr1	10805000	10806000	0.016551724137931035
chr1	13514300	13515200	1.0
chr1	15020200	15020800	0.8407258064516129
chr1	15862300	15863000	0.7307692307692307
chr1	15917600	15918200	1.0
chr1	16711600	16713700	0.8322147651006712
chr1	17239200	17240000	0.819672131147541
chr1	17685600	17686400	0.8111111111111111
chr1	17903400	17904200	0.6451612903225806
chr1	19009200	19009800	0.8716814159292036
chr1	19398600	19399200	0.8802308802308803
chr1	22061000	22061600	0.8870967741935484
chr1	22158000	22158600	0.8396946564885496
chr1	30165400	30166000	0.7794117647058824
chr1	30573800	30576000	0.8552456839309429
chr1	31300800	31301400	0.8076923076923077
chr1	31383800	31384400	0.7925925925925926
chr1	31454200	31454900	0.9017857142857143
chr1	33407400	33408200	0.7105263157894737
chr1	35896400	35899200	0.8126984126984127
chr1	37200400	37201000	0.7633587786259542
chr1	37874900	37875800	0.00949367088607595
chr1	38299200	38299800	0.7758620689655172
chr1	38315200	38315800	0.3918918918918919
chr1	39519200	39519800	0.912751677852349
chr1	40014000	40014600	0.7183098591549296
chr1	40457800	40458600	0.3877551020408163
chr1	41071800	41072400	0.930327868852459
chr1	41213600	41214200	0.94
chr1	41467800	41468400	0.40860215053763443
chr1	46473200	46473800	0.5492957746478874
chr1	46501400	46502000	0.35514018691588783
chr1	48466800	48469000	0.8756830601092896
chr1	49417700	49419400	0.8323809523809523
chr1	49474400	49475200	0.6064814814814815
chr1	49834000	49834600	0.8979591836734694
chr1	52991800	52992400	0.392
chr1	57542000	57542600	0.7906976744186046
chr1	60901000	60901600	0.8886509635974305
chr1	63198700	63201000	0.26988636363636365
chr1	65417600	65418600	0.9036544850498339
chr1	65570600	65571200	0.5714285714285714
chr1	69831400	69832000	0.7544757033248082
chr1	72380000	72382000	0.34
chr1	76311900	76312600	0.9346733668341709
chr1	83446600	83447200	0.916030534351145
chr1	83673000	83673600	0.9948453608247423
chr1	84685800	84689600	0.8637339055793991
chr1	84973800	84974400	0.7867298578199052
chr1	88265800	88266600	0.3305526590198123
chr1	89143500	89146000	0.3942577030812325
chr1	89887400	89888000	0.5757575757575758
chr1	91356900	91357600	0.7586206896551724
chr1	92527000	92528600	0.8402903811252269
chr1	92847600	92850800	0.46963562753036436
chr1	92919000	92920200	0.09812108559498957
chr1	96115400	96116000	0.1288888888888889
chr1	98110000	98110800	0.8381742738589212
chr1	100986200	100987200	0.9429097605893186
chr1	101040000	101040600	0.9340659340659341
chr1	101291200	101291800	0.9545454545454546
chr1	102111200	102111800	0.1956521739130435
chr1	103746300	103747600	0.9333333333333333
chr1	106637600	106638200	0.018867924528301886
chr1	109251200	109251800	0.6830357142857143
chr1	112331800	112332600	0.7377521613832853
chr1	117089200	117091200	0.8936605316973415
chr1	118864600	118865200	0.015151515151515152
chr1	120994000	120994600	0.7120343839541547
chr1	125096800	125097400	0.7914691943127962
chr1	129436400	129437200	0.6482939632545932
chr1	130199400	130200200	0.782258064516129
chr1	130685800	130686800	0.8781431334622823
chr1	131736200	131736800	0.09090909090909091
chr1	133729400	133732000	0.16040955631399317
chr1	139975800	139976400	0.6120689655172413
chr1	145807400	145808000	0.8114754098360656
chr1	147592000	147592600	0.9720930232558139
chr1	148131400	148132000	0.6022727272727273
chr1	154472000	154472600	0.0
chr1	164224800	164226600	0.5666666666666667
chr1	165655400	165657400	0.21851851851851853
chr1	169112800	169113600	0.8345070422535211
chr1	172541000	172541600	0.27972027972027974
chr1	173988000	173988600	0.5615763546798029
chr1	174787200	174788000	0.7648148148148148
chr1	181713600	181715600	0.8738965952080706
chr1	182872200	182872800	1.0
chr1	183357000	183359000	0.165402124430956
chr1	185076400	185077000	0.9767441860465116
chr1	187337800	187338400	0.5138121546961326
chr1	187392600	187393800	0.673890608875129
chr1	189460000	189460600	0.0
chr10	3446900	3447600	0.5225225225225225
chr10	4794400	4795000	1.0
chr10	5963000	5963800	0.8473282442748091
chr10	6221200	6222000	0.56
chr10	6514400	6515200	0.13524590163934427
chr10	10593200	10594500	0.6735112936344969
chr10	13089600	13092100	0.23642732049036777
chr10	13127000	13128000	0.33570159857904086
chr10	18531400	18532000	0.03305785123966942
chr10	18716200	18717000	0.8601398601398601
chr10	20294400	20295000	0.08333333333333333
chr10	23480800	23481600	0.8237986270022883
chr10	23501000	23501600	0.6166077738515902
chr10	23659200	23660000	0.9074074074074074
chr10	25026800	25027400	0.8425925925925926
chr10	28907300	28908100	0.625
chr10	29076800	29077400	0.6617647058823529
chr10	29723800	29724400	0.9259259259259259
chr10	30058200	30058800	0.9743589743589743
chr10	31080600	31081200	0.7169811320754716
chr10	32527600	32528200	0.5551181102362205
chr10	33685800	33688200	0.9003436426116839
chr10	38224200	38225000	0.5167958656330749
chr10	39140800	39142800	0.6583333333333333
chr10	40050400	40051000	0.6726190476190477
chr10	40645900	40648000	0.8174603174603174
chr10	47219600	47221800	0.6204545454545455
chr10	47732800	47733400	0.6666666666666666
chr10	48290800	48291500	0.6557377049180327
chr10	50447000	50447600	0.6666666666666666
chr10	51444400	51445100	0.17857142857142858
chr10	52114600	52115200	0.5970873786407767
chr10	52502800	52503400	0.5384615384615384
chr10	53194600	53195200	0.7281553398058253
chr10	60305800	60306400	1.0
chr10	62367200	62368000	0.9517241379310345
chr10	63076000	63076800	0.0
chr10	64622000	64623800	0.8600174978127734
chr10	68035600	68036800	0.7810945273631841
chr10	68243700	68245800	0.9343283582089552
chr10	69986200	69993500	0.3518880208333333
chr10	72690600	72691400	0.7466666666666667
chr10	74243200	74244000	0.9282786885245902
chr10	78905400	78906000	0.014925373134328358
chr10	81799400	81802600	0.8904709748083242
chr10	81958200	81961900	0.8865784499054821
chr10	83652200	83652800	0.8173374613003096
chr10	83844200	83844800	0.608
chr10	85211000	85211600	1.0
chr10	85658000	85658800	0.16243654822335024
chr10	86848400	86849000	0.04504504504504504
chr10	88625000	88625800	0.75
chr10	90471400	90474000	0.8297872340425532
chr10	91585200	91587000	0.7516025641025641
chr10	97541600	97542200	0.793918918918919
chr10	98090200	98090800	0.5485074626865671
chr10	98794200	98794800	1.0
chr10	100646400	100647000	0.7617328519855595
chr10	101423600	101424200	0.8444444444444444
chr10	101923600	101924200	0.6666666666666666
chr10	102323500	102324200	0.822429906542056
chr10	103518600	103519200	0.6724137931034483
chr10	112812200	112813000	0.8961038961038961
chr10	116455400	116456200	0.56
chr10	119498200	119498800	0.9814814814814815
chr10	121266700	121267800	0.08304498269896193
chr10	122815000	122815700	0.13756613756613756
chr10	129816400	129818600	0.9226804123711341
chr10	130201000	130201600	0.8070175438596491
chr10	130473200	130473800	0.7889908256880734
chr11	3133600	3136000	0.323172970987881
chr11	4013200	4016200	0.753968253968254
chr11	5202200	5204000	0.514018691588785
chr11	5457100	5458400	0.7956521739130434
chr11	5535400	5536000	0.9423076923076923
chr11	5808000	5809800	0.8722466960352423
chr11	7401600	7402200	0.1348314606741573
chr11	8399600	8400200	0.9931506849315068
chr11	10216800	10217400	1.0
chr11	10674000	10674800	0.8533333333333334
chr11	12025200	12027200	0.0026109660574412533
chr11	12905800	12906600	0.8275862068965517
chr11	13351600	13352200	0.5538461538461539
chr11	15729200	15730000	0.8817567567567568
chr11	16048800	16049600	0.8726591760299626
chr11	16358800	16359600	0.625
chr11	17098800	17099400	0.9483695652173914
chr11	17912800	17913400	0.8681818181818182
chr11	19720600	19721200	0.34615384615384615
chr11	20017200	20023800	0.36193548387096774
chr11	25080000	25080600	0.6
chr11	25370200	25371000	0.8271604938271605
chr11	29580200	29580800	0.2937853107344633
chr11	30318200	30319200	0.6486486486486487
chr11	32209400	32210400	0.9895833333333334
chr11	35875400	35876000	0.7946768060836502
chr11	40634000	40634600	0.7038834951456311
chr11	40650200	40652200	0.8884615384615384
chr11	42908400	42909000	0.6956521739130435
chr11	45769600	45770200	0.7214484679665738
chr11	48744600	48745200	0.49404761904761907
chr11	51941800	51944000	0.9215686274509803
chr11	53578600	53580200	0.09076923076923077
chr11	53966000	53966600	1.0
chr11	55252000	55254000	0.5544554455445545
chr11	58316100	58317600	0.6068965517241379
chr11	58708800	58709600	0.8367346938775511
chr11	67219000	67221200	0.7591240875912408
chr11	68604000	68604600	0.8947368421052632
chr11	69825200	69827600	0.6157718120805369
chr11	83217600	83218400	0.7325581395348837
chr11	88664600	88665200	0.5208333333333334
chr11	89909800	89910600	0.37037037037037035
chr11	92129100	92131600	0.7976071784646062
chr11	92249400	92250000	0.5344262295081967
chr11	92862000	92862600	0.8125
chr11	94745400	94746000	0.735632183908046
chr11	95763400	95764200	0.35
chr11	95854800	95855400	0.8653846153846154
chr11	99824700	99826600	0.6995391705069124
chr11	101398800	101399500	0.42153846153846153
chr11	101740000	101740600	0.3055555555555556
chr11	103805000	103805600	0.6542056074766355
chr11	107724200	107724800	0.0
chr11	108039600	108040500	0.05154639175257732
chr11	108061800	108062800	0.34831460674157305
chr11	114566000	114566600	0.6650485436893204
chr11	115062400	115063000	0.9384615384615385
chr11	117898200	117899500	0.8215488215488216
chr11	118079400	118081800	0.3987915407854985
chr11	118387600	118388200	0.2923076923076923
chr11	118861600	118862200	0.8701298701298701
chr11	120116600	120117200	0.19413919413919414
chr12	3108400	3109000	0.65625
chr12	5094600	5096700	0.19827586206896552
chr12	10832800	10833400	0.728952772073922
chr12	10999200	11000000	1.0
chr12	13434400	13437400	0.17835365853658536
chr12	13662000	13662600	0.9107142857142857
chr12	17215600	17216200	0.9338624338624338
chr12	17786000	17786800	0.5033557046979866
chr12	18259400	18260000	0.7592592592592593
chr12	23907000	23907600	0.9795918367346939
chr12	24084300	24085200	0.7299382716049383
chr12	24141200	24141800	0.8604651162790697
chr12	32926600	32927200	0.8613138686131386
chr12	33364200	33365600	0.42696629213483145
chr12	37602800	37603400	0.92
chr12	38048000	38049200	0.7787934186471663
chr12	42598600	42599200	0.6268656716417911
chr12	42666600	42667200	0.47468354430379744
chr12	43567600	43571000	0.8414322250639387
chr12	46252400	46255000	0.7399678972712681
chr12	47329400	47331200	0.7955625990491284
chr12	47983600	47984200	0.6230366492146597
chr12	48554600	48555200	0.71875
chr12	54565200	54565800	0.8405405405405405
chr12	56644000	56646000	0.8634538152610441
chr12	58601600	58602200	0.888030888030888
chr12	58770000	58770600	0.669826224328594
chr12	58863600	58864200	0.9736842105263158
chr12	59652000	59652600	0.24390243902439024
chr12	61628600	61629200	0.6707317073170732
chr12	66200800	66201800	0.8011363636363636
chr12	68701000	68701600	0.8048780487804879
chr12	74125800	74126600	0.013422818791946308
chr12	74367200	74367800	0.9057591623036649
chr12	74807600	74808400	0.8861788617886179
chr12	80168000	80172000	0.07819905213270142
chr12	81372200	81373300	0.48877805486284287
chr12	81772600	81773200	0.18811881188118812
chr12	82565600	82566600	0.9508196721311475
chr12	84994000	84994600	0.8166666666666667
chr12	85519000	85519600	0.8387096774193549
chr12	90476600	90477200	0.9081364829396326
chr12	91811400	91812000	0.7467248908296943
chr12	95249200	95249800	0.6468401486988847
chr12	96138800	96141600	0.8686868686868687
chr12	96865000	96865600	0.7561837455830389
chr12	98612800	98613800	0.6133333333333333
chr12	99148000	99148800	0.6708661417322834
chr12	99732800	99733400	0.975609756097561
chr12	99817800	99818400	0.6928104575163399
chr12	104567100	104568600	0.42787878787878786
chr12	109264800	109265400	1.0
chr12	109526400	109528800	0.8759913482335977
chr12	109870300	109871600	0.2401129943502825
chr12	112020100	112021200	0.3609022556390977
chr12	113127400	113128000	0.9672131147540983
chr12	119772600	119773200	0.7154471544715447
chr13	3102500	3103500	0.8636363636363636
chr13	3138600	3140000	0.10865561694290976
chr13	3162700	3163300	0.8727272727272727
chr13	6184000	6184800	0.9069767441860465
chr13	6846200	6846800	0.7457627118644068
chr13	8441400	8442000	0.9490445859872612
chr13	10301800	10302400	0.891566265060241
chr13	12956200	12957000	0.2727272727272727
chr13	13047000	13047600	0.17647058823529413
chr13	14400800	14402600	0.8984615384615384
chr13	14781200	14782700	0.9034090909090909
chr13	14852000	14852600	0.46875
chr13	15887000	15887600	0.2581453634085213
chr13	16622000	16622600	0.9730941704035875
chr13	17821000	17821600	0.7628458498023716
chr13	18045600	18046200	0.75
chr13	18740600	18741200	0.8125
chr13	19439000	19439600	0.7068181818181818
chr13	21650400	21652400	0.927063339731286
chr13	22173600	22174200	0.9072164948453608
chr13	22282900	22283600	0.7245508982035929
chr13	23329200	23329800	0.7633587786259542
chr13	23375600	23376200	0.9301470588235294
chr13	29541800	29542400	0.24719101123595505
chr13	31738400	31739000	0.8607594936708861
chr13	33853000	33853600	0.16666666666666666
chr13	33882800	33883400	0.13978494623655913
chr13	34140400	34142000	0.8303886925795053
chr13	34470600	34471400	0.9336609336609336
chr13	36828200	36828800	0.6746987951807228
chr13	41058200	41058800	0.7118055555555556
chr13	41311600	41312200	0.28741092636579574
chr13	41787400	41788000	0.9801324503311258
chr13	41930600	41931200	0.8873873873873874
chr13	42156600	42159100	0.5940860215053764
chr13	45566600	45568000	0.13504823151125403
chr13	47009200	47011400	0.007272727272727273
chr13	48585800	48587200	0.07468879668049792
chr13	51086600	51087200	0.5102040816326531
chr13	52905700	52908000	0.3511988716502116
chr13	53555800	53558000	0.7269372693726938
chr13	64931800	64932600	0.8
chr13	65323800	65324600	0.9090909090909091
chr13	66473000	66473600	0.7861271676300579
chr13	71381200	71382000	0.4801502145922747
chr13	74417600	74419200	0.8037974683544303
chr13	76478000	76478600	1.0
chr13	78261000	78261600	0.7087378640776699
chr13	84536800	84538400	0.9183359013867488
chr13	85329200	85330200	0.38904109589041097
chr13	86305500	86306100	0.6363636363636364
chr13	96707800	96708600	0.8181818181818182
chr13	99324200	99324800	0.18032786885245902
chr13	100223900	100225200	0.723156532988357
chr13	102736600	102737800	0.1476923076923077
chr13	107432000	107433000	0.7543352601156069
chr13	110020000	110020600	0.7581699346405228
chr13	111755400	111756100	0.3358208955223881
chr13	112349600	112350200	1.0
chr13	116837000	116837600	0.46808510638297873
chr14	3278200	3280200	0.8641304347826086
chr14	5993400	5994200	0.751412429378531
chr14	6235800	6236500	0.5057471264367817
chr14	10274200	10274800	0.9393939393939394
chr14	10954800	10955400	0.8936170212765957
chr14	13933000	13934000	0.9481132075471698
chr14	14243400	14244400	0.7352941176470589
chr14	14248400	14249200	0.8241758241758241
chr14	14582200	14582800	0.9452332657200812
chr14	16907600	16908200	0.6648351648351648
chr14	17005600	17006400	0.778169014084507
chr14	17320600	17321200	0.8222361809045227
chr14	25531800	25532400	0.29559748427672955
chr14	27576800	27577400	0.5555555555555556
chr14	32863400	32864000	0.6057692307692307
chr14	37942800	37943600	0.9606003752345216
chr14	44223200	44223800	0.475
chr14	52874400	52875000	0.8
chr14	53895800	53896400	0.7425742574257426
chr14	60759200	60762000	0.4256926952141058
chr14	62952800	62953400	0.3471502590673575
chr14	63462100	63462800	0.21428571428571427
chr14	68120200	68122000	0.7727272727272727
chr14	68811400	68813200	0.8913793103448275
chr14	69244400	69245400	0.5416666666666666
chr14	72037400	72038200	0.7938931297709924
chr14	72442800	72443400	0.9930795847750865
chr14	82893200	82894000	0.5909090909090909
chr14	90345400	90346200	0.5074626865671642
chr14	91819000	91819600	0.845679012345679
chr14	92410000	92412400	0.8014184397163121
chr14	97116400	97117200	0.8955223880597015
chr14	99649200	99649800	0.6619718309859155
chr14	101198200	101198800	0.5565610859728507
chr14	102131000	102131600	0.30357142857142855
chr14	104986800	104987400	0.7653061224489796
chr14	106003600	106005400	0.68
chr14	107465600	107466200	0.8205128205128205
chr14	108647500	108650000	0.7475490196078431
chr14	109011000	109012600	0.9335106382978723
chr14	110553000	110553600	0.7971014492753623
chr14	112083000	112083800	0.734375
chr14	112216000	112216600	0.8818181818181818
chr14	112396000	112397000	0.8432539682539683
chr14	118489000	118490600	0.14102564102564102
chr14	118515200	118515800	0.34285714285714286
chr14	118879000	118880900	0.40487804878048783
chr14	120195800	120196400	0.8141592920353983
chr14	121233700	121234500	0.7111111111111111
chr14	123821000	123821600	0.6818181818181818
chr15	3118800	3119400	0.764525993883792
chr15	3156600	3157200	0.046511627906976744
chr15	3887600	3888400	0.9947229551451188
chr15	4607800	4608400	0.9171974522292994
chr15	6680000	6683800	0.7317731773177317
chr15	9557000	9557800	0.8610169491525423
chr15	9643400	9644000	1.0
chr15	16309200	16309800	0.43902439024390244
chr15	18125500	18127800	0.8244013683010262
chr15	19403100	19404600	0.8414634146341463
chr15	21875600	21876200	0.7185792349726776
chr15	21889600	21890900	0.7922848664688428
chr15	22487800	22488600	0.700374531835206
chr15	23823800	23825200	0.861995753715499
chr15	24648400	24649000	0.9732142857142857
chr15	27025200	27025800	0.006097560975609756
chr15	29737000	29737600	0.8013698630136986
chr15	33269600	33270400	0.7876712328767124
chr15	33867400	33868200	0.634020618556701
chr15	36483300	36483900	0.10344827586206896
chr15	37759300	37760200	0.7369942196531792
chr15	49279800	49282800	0.9460269865067467
chr15	50572400	50573200	0.9851485148514851
chr15	52845000	52845600	0.5149700598802395
chr15	57413200	57414000	0.6923076923076923
chr15	57822000	57823800	0.19247787610619468
chr15	60172000	60172600	0.9183673469387755
chr15	65268200	65271100	0.7174515235457064
chr15	67911000	67912000	0.6760869565217391
chr15	68180400	68181000	0.3472222222222222
chr15	68368200	68368800	0.503030303030303
chr15	72806600	72811400	0.20026178010471204
chr15	75013000	75013600	1.0
chr15	75031000	75032600	0.9795597484276729
chr15	75040400	75041000	0.9404761904761905
chr15	75523400	75524000	0.35148514851485146
chr15	79258200	79262300	0.6191198786039454
chr15	83698800	83701200	0.9470672389127325
chr15	83791800	83792600	0.543026706231454
chr15	86549000	86549600	0.7479674796747967
chr15	86568400	86569000	0.7473684210526316
chr15	92767200	92768000	0.010869565217391304
chr15	97058500	97059600	0.23684210526315788
chr15	97486400	97487200	0.8382838283828383
chr15	97793400	97794200	0.621301775147929
chr15	99867200	99869100	0.1639871382636656
chr15	101063600	101064200	1.0
chr15	101194600	101195200	0.8851351351351351
chr15	103888600	103889200	0.759090909090909
chr16	4858200	4860000	0.8747697974217311
chr16	5525000	5525600	0.9226519337016574
chr16	14878400	14879000	0.6823529411764706
chr16	15434000	15434600	0.07783018867924528
chr16	18083400	18084000	0.4033898305084746
chr16	19069700	19070400	0.7619047619047619
chr16	21028200	21028800	1.0
chr16	21612800	21613600	0.13043478260869565
chr16	25190700	25191400	0.66
chr16	28621800	28622800	0.9217391304347826
chr16	28853800	28857000	0.8688524590163934
chr16	31050400	31051000	0.26066350710900477
chr16	31156000	31156900	0.2330508474576271
chr16	42003200	42003800	0.7727272727272727
chr16	42657000	42657600	1.0
chr16	44473800	44474400	0.6458333333333334
chr16	45055800	45056600	0.8318181818181818
chr16	46362400	46363600	0.9195979899497487
chr16	47187800	47188400	0.9302325581395349
chr16	47300600	47301400	0.7545271629778671
chr16	48267800	48268400	1.0
chr16	48497000	48498000	0.7179878048780488
chr16	50773400	50775600	0.8756906077348067
chr16	52707000	52707600	0.8085106382978723
chr16	53192400	53193000	0.625
chr16	54003000	54003800	0.6114649681528662
chr16	54507400	54508000	0.6985294117647058
chr16	56038600	56042000	0.6329923273657289
chr16	57878200	57878800	1.0
chr16	58249400	58250000	0.5121951219512195
chr16	60884000	60884800	0.5389221556886228
chr16	62345000	62345800	0.7155555555555555
chr16	64572200	64573200	0.8534246575342466
chr16	65031600	65033000	0.8753180661577609
chr16	67391000	67391600	0.7549407114624506
chr16	68529200	68530000	0.07142857142857142
chr16	69163200	69164200	0.8275862068965517
chr16	70947400	70948000	0.6343873517786561
chr16	71976000	71976800	0.8865030674846626
chr16	76403200	76403800	0.0625
chr16	77814600	77815400	0.6168582375478927
chr16	77938000	77938600	0.36363636363636365
chr16	80268100	80269500	0.8645833333333334
chr16	85644000	85644600	0.18421052631578946
chr16	88754800	88755400	0.7918367346938775
chr16	89963100	89964600	0.2531458179126573
chr16	90049600	90050200	0.13742690058479531
chr16	91456200	91457800	0.9706744868035191
chr16	91990700	91991600	0.7296587926509186
chr16	94832800	94833400	0.25813953488372093
chr16	95718800	95719400	0.6
chr16	95815600	95816200	0.7708333333333334
chr16	97352000	97352800	0.81
chr17	4339800	4340400	0.6964285714285714
chr17	6739400	6741400	0.2
chr17	8001000	8006000	0.4355044699872286
chr17	10974200	10974800	0.3924050632911392
chr17	12741200	12743000	0.00782472613458529
chr17	14013600	14014600	0.7146341463414634
chr17	16625000	16625600	0.8857142857142857
chr17	17274800	17275400	0.0898876404494382
chr17	18841600	18842400	0.8833693304535637
chr17	19042400	19043000	0.9454545454545454
chr17	20143500	20144700	0.5543478260869565
chr17	20570800	20571400	0.0
chr17	22055800	22058800	0.8736176935229067
chr17	22623600	22624400	0.9244186046511628
chr17	23908000	23909000	0.9488272921108742
chr17	30499400	30500000	0.35172413793103446
chr17	32016400	32017000	1.0
chr17	32069800	32070400	0.7804878048780488
chr17	32587400	32588000	0.6101321585903083
chr17	34044400	34046400	0.7166666666666667
chr17	34398600	34399400	0.011363636363636364
chr17	35281200	35282600	0.8783068783068783
chr17	35363400	35364000	0.7350427350427351
chr17	37730800	37731600	0.5459770114942529
chr17	38897600	38898200	0.4691358024691358
chr17	38982200	38983200	0.744
chr17	40645600	40646200	1.0
chr17	41603400	41604000	0.9628482972136223
chr17	45196600	45197200	0.9408866995073891
chr17	49281200	49281800	0.7818181818181819
chr17	50177600	50178200	1.0
chr17	52988400	52989000	0.658008658008658
chr17	53983800	53985100	0.8189189189189189
chr17	54552000	54552600	0.8991596638655462
chr17	55557800	55558400	0.7871720116618076
chr17	60275600	60276200	0.9655172413793104
chr17	60745600	60746300	0.8
chr17	62402200	62402800	0.7318681318681318
chr17	67811100	67813100	0.24315068493150685
chr17	69285900	69289200	0.2553373185311699
chr17	73827000	73830400	0.18203309692671396
chr17	77797600	77798200	0.8839285714285714
chr17	84629600	84630200	0.5324675324675324
chr17	85737200	85738000	0.9767441860465116
chr17	87133600	87135200	0.02456140350877193
chr17	90478800	90479600	0.12156862745098039
chr17	91271800	91272800	0.9047619047619048
chr17	91359200	91359800	0.4642857142857143
chr17	92040600	92041200	0.9365079365079365
chr17	92103600	92104400	0.8174904942965779
chr17	92997800	92998400	0.797979797979798
chr17	93403900	93404600	0.9150943396226415
chr17	94500800	94501400	0.7352941176470589
chr18	3227200	3227800	0.6835443037974683
chr18	3711600	3712200	1.0
chr18	3873200	3875200	0.7481060606060606
chr18	7274200	7275000	0.8803418803418803
chr18	7771200	7771800	0.9441860465116279
chr18	7816800	7817400	0.8253968253968254
chr18	11746600	11747400	0.9678456591639871
chr18	12972600	12974800	0.042429284525790346
chr18	13172800	13173400	0.7295918367346939
chr18	15988800	15992800	0.7716535433070866
chr18	16288800	16289400	0.7418604651162791
chr18	17352300	17353300	0.6101694915254238
chr18	24705600	24706200	0.9705882352941176
chr18	32877000	32877600	0.7759562841530054
chr18	35528400	35529000	0.4866666666666667
chr18	36850600	36853400	0.9005847953216374
chr18	38359200	38359800	0.8608695652173913
chr18	44698400	44699000	0.8018867924528302
chr18	46317400	46318200	0.8023952095808383
chr18	50090200	50090800	0.29906542056074764
chr18	54158800	54159400	0.8378378378378378
chr18	58804200	58804800	0.47519294377067256
chr18	58853400	58854200	0.6951219512195121
chr18	59357400	59358200	0.8785714285714286
chr18	60412200	60412800	0.8102189781021898
chr18	61358000	61358600	0.24242424242424243
chr18	69159200	69159900	0.5425
chr18	70509000	70510600	0.8245614035087719
chr18	70705800	70706400	1.0
chr18	71209100	71209900	0.8333333333333334
chr18	74151100	74151800	0.8627450980392157
chr18	77207800	77208400	1.0
chr18	77368800	77369400	0.15126050420168066
chr18	79933000	79934400	0.5103092783505154
chr18	83134800	83135600	0.0
chr18	87160400	87161400	0.8802816901408451
chr18	87695600	87696200	0.7626112759643917
chr18	89407600	89408200	0.5215686274509804
chr18	90429800	90430800	0.6560693641618497
chr18	90559000	90560400	0.88
chr19	5406200	5407000	0.7658227848101266
chr19	5861400	5862600	0.19039735099337748
chr19	7859800	7860400	0.15384615384615385
chr19	8032600	8034200	0.7066974595842956
chr19	8276800	8277400	0.9722222222222222
chr19	8323800	8324400	0.9368421052631579
chr19	9375000	9375600	0.29850746268656714
chr19	9717600	9718200	0.40166204986149584
chr19	10425000	10425700	0.008928571428571428
chr19	11670400	11671000	0.7402597402597403
chr19	12543800	12545200	0.9384615384615385
chr19	13159600	13160200	0.9813084112149533
chr19	19241200	19241800	0.6543778801843319
chr19	19508600	19509300	0.9212121212121213
chr19	20754600	20755200	0.7805755395683454
chr19	21248000	21248600	0.9798994974874372
chr19	24970000	24970800	0.7796610169491526
chr19	25426800	25428400	0.3582887700534759
chr19	25819200	25819800	0.6535947712418301
chr19	26897200	26897800	0.7313432835820896
chr19	31722600	31724200	0.5505804311774462
chr19	39157000	39157800	0.6630824372759857
chr19	43738000	43738700	0.8578811369509044
chr19	44712800	44713600	0.6948051948051948
chr19	46579800	46581000	0.08483290488431877
chr19	47896200	47898300	0.44072948328267475
chr19	51469400	51470000	0.6376811594202898
chr19	51701200	51701800	0.8852772466539197
chr19	51955200	51955800	0.7140600315955766
chr19	53580200	53580800	0.5675675675675675
chr19	54911600	54912200	0.825
chr19	55593200	55593900	0.2747875354107649
chr19	55628000	55630600	0.29910714285714285
chr19	55931400	55932000	0.0
chr19	56231600	56232200	0.11428571428571428
chr19	56326000	56326800	0.37037037037037035
chr19	57378400	57381600	0.44871794871794873
chr19	57437000	57439600	0.8992628992628993
chr19	58706400	58707200	0.7567567567567568
chr19	58799200	58800700	0.19665271966527198
chr19	61207600	61208200	1.0
chr2	7509100	7509800	0.9871559633027523
chr2	7629900	7630600	0.897196261682243
chr2	12449200	12450000	0.7313432835820896
chr2	13913200	13913800	1.0
chr2	15334400	15335000	0.7204968944099379
chr2	15663600	15664400	0.8726591760299626
chr2	16894600	16895200	0.9775280898876404
chr2	19914600	19915400	0.86084142394822
chr2	21246400	21247000	0.7955390334572491
chr2	22275000	22275600	0.908256880733945
chr2	24237600	24238200	0.8840579710144928
chr2	26664300	26665100	0.9655172413793104
chr2	28228800	28229800	0.41379310344827586
chr2	36316700	36317400	0.723404255319149
chr2	36807600	36808400	0.036585365853658534
chr2	36964400	36965000	0.9090909090909091
chr2	38568600	38571000	0.31843575418994413
chr2	39704000	39704800	1.0
chr2	43071400	43072000	0.1542056074766355
chr2	43329200	43330000	0.7743467933491687
chr2	48227200	48227800	0.6428571428571429
chr2	48784800	48786800	0.8835820895522388
chr2	48853600	48854200	0.8470588235294118
chr2	52338400	52339400	0.9750778816199377
chr2	55999000	55999600	0.3111111111111111
chr2	59817400	59819000	0.9180327868852459
chr2	59843000	59844000	0.023880597014925373
chr2	63397600	63398200	0.7616580310880829
chr2	63805600	63806200	0.6271186440677966
chr2	66736600	66737200	0.844311377245509
chr2	73010400	73013200	0.7452631578947368
chr2	76709800	76713000	0.3317757009345794
chr2	76722900	76725900	0.5448548812664907
chr2	78617000	78617600	0.635036496350365
chr2	85070000	85070600	0.08333333333333333
chr2	85471900	85473100	0.6582278481012658
chr2	88212200	88212800	0.9591836734693877
chr2	89560600	89561200	0.3473053892215569
chr2	95695800	95696400	0.6341463414634146
chr2	98208200	98208800	0.9177215189873418
chr2	98752000	98752600	0.7911392405063291
chr2	107171400	107172000	0.5576923076923077
chr2	108202400	108203200	0.7049180327868853
chr2	110095200	110095800	0.7168141592920354
chr2	111040800	111041400	0.7058823529411765
chr2	111936200	111936800	0.9322033898305084
chr2	116454200	116454800	0.5284552845528455
chr2	125617400	125618000	0.09157509157509157
chr2	127577000	127577700	0.0
chr2	139476000	139476600	0.7714285714285715
chr2	147672200	147672800	0.9367088607594937
chr2	148745200	148747200	0.9121447028423773
chr2	149519300	149520000	0.9335260115606936
chr2	152686400	152688000	0.0676779463243874
chr2	155987400	155988700	0.34065934065934067
chr2	156482000	156482600	0.987012987012987
chr2	156747800	156749200	0.44332210998877664
chr2	157557300	157562400	0.07220060527453523
chr2	159345800	159346800	0.7883008356545961
chr2	160753600	160754200	0.4326923076923077
chr2	162841600	162842200	0.5632911392405063
chr2	163469400	163470200	0.5678571428571428
chr2	164502200	164503000	0.6428571428571429
chr2	165296400	165297800	0.1800518134715026
chr2	165380000	165383600	0.21120689655172414
chr2	165514700	165516300	0.31978319783197834
chr2	166430400	166432600	0.9371980676328503
chr2	166629600	166633200	0.4090909090909091
chr2	168488600	168489600	0.518324607329843
chr2	168622800	168624200	0.965625
chr2	168979600	168980200	0.4846153846153846
chr2	169764800	169765400	0.19008264462809918
chr2	170504400	170505200	0.4767225325884544
chr2	170891200	170891800	1.0
chr2	172001800	172004200	0.7880299251870324
chr2	172291600	172292800	0.9027777777777778
chr2	172895400	172897100	0.28450704225352114
chr2	173066600	173067200	0.9219858156028369
chr2	173098000	173098600	0.6486486486486487
chr2	173455400	173456000	0.8546712802768166
chr2	173645800	173647600	0.430327868852459
chr2	174092200	174092800	0.0
chr2	174096800	174099400	0.4305555555555556
chr2	174121800	174122400	0.78125
chr2	174293700	174301200	0.026285714285714287
chr2	174345100	174346600	0.45209580838323354
chr2	176790000	176790600	0.21333333333333335
chr2	177281600	177282200	0.7383720930232558
chr2	179179200	179179800	0.25
chr2	179298200	179299400	0.48314606741573035
chr2	179605200	179605800	0.23529411764705882
chr2	181092000	181092600	0.352112676056338
chr2	181109400	181110000	0.5384615384615384
chr2	181112800	181113400	0.41228070175438597
chr3	5903000	5903600	0.802547770700637
chr3	6377200	6379100	0.7045454545454546
chr3	7302200	7304800	0.8577405857740585
chr3	8129400	8130200	0.6557377049180327
chr3	13130200	13131000	0.5531914893617021
chr3	14447200	14448000	0.6944444444444444
chr3	14745400	14746000	0.8428571428571429
chr3	16249900	16250500	0.8161434977578476
chr3	19584400	19585000	0.0
chr3	20419000	20419600	1.0
chr3	20854000	20854600	0.7689075630252101
chr3	22284400	22285400	0.7623318385650224
chr3	22954800	22955600	0.7953667953667953
chr3	22961200	22962000	0.8995633187772926
chr3	23314200	23314800	0.6059322033898306
chr3	24810000	24810600	0.8181818181818182
chr3	26601600	26602400	0.04918032786885246
chr3	26906000	26906600	0.8549019607843137
chr3	27258200	27258800	0.9264705882352942
chr3	29719400	29720200	0.7655195681511471
chr3	32313800	32314600	0.700920245398773
chr3	33479200	33480000	0.7162162162162162
chr3	35171200	35171800	0.87248322147651
chr3	36853200	36853800	0.7886710239651417
chr3	38455200	38457200	0.6893203883495146
chr3	38626800	38627400	0.9414893617021277
chr3	39173800	39174400	0.6909090909090909
chr3	43491800	43492400	0.6544502617801047
chr3	45578400	45579800	0.7448186528497409
chr3	51264200	51265200	0.4945054945054945
chr3	53323200	53323800	0.6136363636363636
chr3	53721200	53723800	0.7544426494345718
chr3	53888000	53888600	0.6666666666666666
chr3	55102000	55102600	0.9726027397260274
chr3	56009200	56009800	0.9652173913043478
chr3	56853800	56854400	1.0
chr3	57869600	57870200	0.5441176470588235
chr3	59689000	59689600	0.7945205479452054
chr3	66112200	66112800	0.9069767441860465
chr3	66268800	66269400	0.7560738581146744
chr3	67775800	67777200	0.7447698744769874
chr3	70745800	70746800	0.946524064171123
chr3	71225600	71226200	0.5666666666666667
chr3	73863800	73864800	0.7568807339449541
chr3	74864800	74865500	0.4878048780487805
chr3	75715000	75715600	0.981042654028436
chr3	78249800	78250400	0.6214689265536724
chr3	87535400	87536800	0.24757281553398058
chr3	88240800	88241700	0.04251207729468599
chr3	91649400	91650000	0.611764705882353
chr3	93619800	93620500	0.6666666666666666
chr3	94254600	94255200	0.34285714285714286
chr3	97086600	97087200	0.6483180428134556
chr3	98098000	98101000	0.6894409937888198
chr3	101450800	101451400	0.8629032258064516
chr3	106247400	106248000	1.0
chr3	108242200	108244700	0.8359683794466403
chr3	110057000	110058200	0.7156084656084656
chr3	111724700	111725400	0.8502415458937198
chr3	112566200	112566800	0.5192307692307693
chr3	112746800	112747400	0.5901639344262295
chr3	113065200	113065800	0.5818181818181818
chr3	113218600	113219200	0.95
chr3	113669400	113670000	0.8888888888888888
chr3	115442600	115443200	0.9173553719008265
chr3	117168800	117169400	0.8232758620689655
chr3	117776200	117776800	0.9577464788732394
chr3	119312000	119312600	0.6068376068376068
chr3	120740800	120742600	0.7505900865460268
chr3	123817200	123818000	0.8125
chr3	124166200	124166800	0.8636363636363636
chr3	125029600	125030200	0.7142857142857143
chr3	126910800	126911400	0.9264705882352942
chr3	128446000	128446600	0.7142857142857143
chr3	128808000	128808600	0.7837837837837838
chr3	128966400	128967000	0.546079779917469
chr3	135774400	135775000	0.5594405594405595
chr3	139188400	139189000	0.46111111111111114
chr3	151234000	151234600	0.7320754716981132
chr3	156966600	156967600	0.8397212543554007
chr3	159303000	159306400	0.8525073746312685
chr4	4028600	4029200	0.8064516129032258
chr4	6609200	6610000	0.8097560975609757
chr4	8135400	8136400	0.8402366863905325
chr4	10354000	10354800	0.8316831683168316
chr4	11400000	11401000	0.16990291262135923
chr4	12136600	12137600	0.4810606060606061
chr4	12959200	12959800	0.6432865731462926
chr4	14423800	14424400	0.47560975609756095
chr4	14984200	14984800	1.0
chr4	15341400	15344000	0.8909657320872274
chr4	16246600	16249200	0.9049255441008018
chr4	16810400	16811200	0.8529411764705882
chr4	16862800	16863400	0.8214285714285714
chr4	17065700	17066400	1.0
chr4	20207000	20207600	1.0
chr4	20919600	20920400	0.6
chr4	22200600	22201200	0.7746478873239436
chr4	23421200	23424000	0.8537414965986394
chr4	25159200	25160000	0.9844961240310077
chr4	25188000	25189600	0.7010135135135135
chr4	32894000	32894800	0.29338842975206614
chr4	33301400	33302000	0.9719101123595506
chr4	35781200	35781800	0.8348017621145375
chr4	37224000	37225200	0.6942771084337349
chr4	37365800	37368400	0.851063829787234
chr4	38383600	38384200	0.7428571428571429
chr4	41637400	41639000	0.8994413407821229
chr4	43568000	43569200	0.6189376443418014
chr4	44264800	44265600	0.759656652360515
chr4	50319700	50320400	0.9444444444444444
chr4	53126400	53127200	0.6190476190476191
chr4	54695600	54696200	0.4857142857142857
chr4	55402400	55403000	0.8518518518518519
chr4	55418800	55419600	0.5202885482416592
chr4	60457800	60458800	0.6351351351351351
chr4	62991200	62991800	0.988950276243094
chr4	65613100	65615200	0.2065378900445765
chr4	66681800	66682500	0.2952029520295203
chr4	67916000	67916600	0.7398119122257053
chr4	69569600	69570200	0.6170212765957447
chr4	70815800	70816900	0.9003690036900369
chr4	70832200	70832800	0.9081632653061225
chr4	71915400	71916000	0.3333333333333333
chr4	74648800	74649400	0.6470588235294118
chr4	77151800	77152400	0.746031746031746
chr4	80928400	80930400	0.7995337995337995
chr4	82672000	82674000	0.6762177650429799
chr4	82791800	82792500	0.6520681265206812
chr4	88481200	88481800	0.6577017114914425
chr4	91068800	91069400	0.9439252336448598
chr4	91576200	91576800	0.7592592592592593
chr4	91654200	91655400	0.6957746478873239
chr4	92763800	92764400	0.6829268292682927
chr4	99731400	99732000	0.6236559139784946
chr4	103168800	103169400	0.6573033707865169
chr4	110863200	110863800	0.9404761904761905
chr4	111271600	111273800	0.8043956043956044
chr4	113836400	113837000	0.6294416243654822
chr4	115194600	115195200	0.23300970873786409
chr4	117477800	117478400	1.0
chr4	121378400	121379100	0.8086642599277978
chr4	122662600	122663200	0.9772727272727273
chr4	124549200	124549800	0.9215686274509803
chr4	125182200	125182800	1.0
chr4	128483200	128483800	0.5763888888888888
chr4	128585400	128590000	0.33010262257696693
chr4	131012200	131013000	0.9417989417989417
chr4	131495000	131495600	1.0
chr4	131788200	131788800	0.4979253112033195
chr4	135802000	135802600	0.8623853211009175
chr4	138291800	138294000	0.7569230769230769
chr4	138706600	138707200	0.058823529411764705
chr4	139784200	139785000	0.8051948051948052
chr4	140458600	140462000	0.8815642458100559
chr4	140786000	140786800	0.7244094488188977
chr4	143579200	143579800	1.0
chr4	143827200	143827800	0.672
chr4	145572900	145573600	0.5768115942028985
chr4	150878200	150880300	0.07749627421758569
chr4	151144400	151145600	0.25375375375375375
chr4	151248800	151251800	0.8506588579795022
chr4	151876200	151876800	0.8333333333333334
chr4	153314600	153315200	0.5862068965517241
chr4	154112800	154113400	0.9583333333333334
chr4	155854800	155855400	0.18181818181818182
chr5	3436000	3437600	0.8034188034188035
chr5	3613600	3614300	0.3149171270718232
chr5	8759400	8760100	0.9207920792079208
chr5	11619000	11619800	0.7171717171717171
chr5	11963200	11964000	0.3242009132420091
chr5	16755400	16756000	0.7046413502109705
chr5	17682600	17684300	0.8503144654088051
chr5	26044000	26047200	0.7735849056603774
chr5	26929600	26930200	1.0
chr5	29408800	29409400	0.9096045197740112
chr5	29983200	29984000	0.79421768707483
chr5	36966800	36968500	0.5979760809567617
chr5	37326200	37326800	0.6076923076923076
chr5	38673200	38674400	0.22709163346613545
chr5	38912000	38912600	0.5423728813559322
chr5	42661600	42662400	0.7037037037037037
chr5	45345600	45346200	0.5238095238095238
chr5	52918400	52919000	0.8888888888888888
chr5	53582400	53583000	0.8790322580645161
chr5	55011000	55013200	0.9058823529411765
chr5	56128800	56129600	0.6330532212885154
chr5	58647000	58648700	0.9254901960784314
chr5	61292600	61294200	0.777972027972028
chr5	61879000	61880200	0.7268041237113402
chr5	62138500	62139200	0.6727272727272727
chr5	63225600	63227900	0.880517503805175
chr5	63727200	63727800	0.5723684210526315
chr5	64906400	64907000	0.8650793650793651
chr5	69426800	69428200	0.6313645621181263
chr5	69639800	69640800	0.9056603773584906
chr5	70002000	70002600	0.7096774193548387
chr5	70117200	70117800	0.6935483870967742
chr5	70561400	70562000	0.9591194968553459
chr5	73859600	73860200	0.8328840970350404
chr5	75653400	75655700	0.6846590909090909
chr5	86594200	86595000	0.6842105263157895
chr5	87966400	87967000	0.6818181818181818
chr5	90372400	90373000	0.8275229357798165
chr5	96672000	96672600	0.7941176470588235
chr5	97063800	97064400	0.43661971830985913
chr5	97087000	97088100	0.22279792746113988
chr5	99943600	99944600	0.26229508196721313
chr5	100726600	100727200	0.43356643356643354
chr5	105811600	105813800	0.2608695652173913
chr5	109550000	109553400	0.0889487870619946
chr5	109971600	109972200	0.9340659340659341
chr5	112098400	112099000	0.27906976744186046
chr5	113623600	113625000	0.4257142857142857
chr5	114196400	114197200	0.20588235294117646
chr5	114802400	114804800	0.27911275415896486
chr5	116803400	116804000	0.5454545454545454
chr5	116981600	116982500	1.0
chr5	117295800	117296400	0.9090909090909091
chr5	117707800	117708500	0.35602094240837695
chr5	118491600	118492200	0.43795620437956206
chr5	119440300	119441200	0.01532567049808429
chr5	124124600	124125200	0.296969696969697
chr5	125035800	125036400	0.9759036144578314
chr5	125785600	125788000	0.3620689655172414
chr5	128759300	128760200	0.39869281045751637
chr5	128781600	128782400	0.0
chr5	129623400	129624000	0.019736842105263157
chr5	129657400	129658000	0.6002214839424141
chr5	129862400	129863000	0.030303030303030304
chr5	131439400	131441000	0.04504504504504504
chr5	131554200	131554800	0.0
chr5	134076000	134076600	0.45454545454545453
chr5	134217000	134218000	0.6847826086956522
chr5	135348600	135352200	0.21727515583259127
chr5	141154600	141155200	0.9333333333333333
chr5	143758000	143758600	0.8170212765957446
chr5	143966600	143967900	0.5181818181818182
chr5	144092200	144093000	0.6609294320137694
chr5	144555000	144556600	0.2342857142857143
chr5	144621800	144623600	0.982367758186398
chr5	146470000	146471000	0.5767366720516963
chr5	148384800	148385400	0.2986425339366516
chr6	3121000	3121600	0.43209876543209874
chr6	4092000	4093000	0.6009389671361502
chr6	4747200	4755600	0.042809642560266
chr6	5476600	5477200	0.7241379310344828
chr6	5480000	5481000	0.9036144578313253
chr6	6626000	6627000	0.8944723618090452
chr6	7113000	7113600	0.3333333333333333
chr6	7460200	7461000	1.0
chr6	8334600	8335200	0.9473684210526315
chr6	11205200	11206200	0.8735632183908046
chr6	11378600	11379200	0.9859154929577465
chr6	11421200	11421800	0.9375
chr6	11864600	11865200	0.8662613981762918
chr6	11890800	11891400	0.9298597194388778
chr6	12775400	12776000	0.5555555555555556
chr6	14380000	14380800	0.9850746268656716
chr6	14929000	14929800	0.7096774193548387
chr6	15457800	15458400	0.6987951807228916
chr6	18585400	18587800	0.7707090788601723
chr6	20528000	20528600	0.5304878048780488
chr6	24069000	24069800	0.6829268292682927
chr6	24717200	24718400	0.5143540669856459
chr6	26753200	26755000	0.9154302670623146
chr6	26992400	26993200	0.7924528301886793
chr6	28178000	28178800	0.8754623921085081
chr6	30735200	30739400	0.009925558312655087
chr6	30929100	30929800	0.8260869565217391
chr6	33664800	33665600	0.746177370030581
chr6	35964600	35965200	0.9015748031496063
chr6	38128200	38128800	0.006042296072507553
chr6	41926800	41928600	0.951048951048951
chr6	42502200	42502800	1.0
chr6	43131200	43131800	0.7333333333333333
chr6	46153400	46154000	0.7434782608695653
chr6	46226400	46227000	0.9722222222222222
chr6	47904200	47905600	0.0
chr6	49971000	49971600	0.6615384615384615
chr6	50619600	50621600	0.04727272727272727
chr6	55496800	55497400	0.5454545454545454
chr6	56965800	56966600	0.7399103139013453
chr6	57052600	57053400	0.5035460992907801
chr6	58017600	58018200	0.45714285714285713
chr6	58712400	58713000	0.8745519713261649
chr6	58906200	58907400	0.0
chr6	59911200	59911800	1.0
chr6	60575600	60576200	0.9365079365079365
chr6	60897600	60898600	0.7941176470588235
chr6	63922800	63925400	0.8361344537815126
chr6	66828600	66829200	0.40370370370370373
chr6	69802800	69803600	0.30201342281879195
chr6	70008400	70009000	0.9101123595505618
chr6	70019800	70020600	0.6909090909090909
chr6	74658800	74659400	0.9125
chr6	75343200	75343800	0.8
chr6	76098200	76098800	0.7083333333333334
chr6	76618000	76618600	0.29194630872483224
chr6	78524800	78525900	0.8884120171673819
chr6	78938000	78939200	0.8202614379084967
chr6	80378800	80379600	0.6573426573426573
chr6	81336200	81339000	0.78125
chr6	82212400	82213000	0.8
chr6	89322600	89323900	0.33043478260869563
chr6	89332700	89334200	0.5599214145383105
chr6	93068300	93069100	0.7452229299363057
chr6	96704400	96706800	0.8616352201257862
chr6	99877800	99878600	0.40131578947368424
chr6	101150400	101152900	0.03367003367003367
chr6	101453800	101454400	0.6935483870967742
chr6	101825000	101825600	0.6819672131147541
chr6	104384800	104385800	0.6104725415070242
chr6	105426900	105427600	1.0
chr6	118617600	118618200	0.9910714285714286
chr6	123243800	123244400	0.9797297297297297
chr6	123762200	123762800	0.9938775510204082
chr6	125249200	125252100	0.8724604966139955
chr6	129845800	129846600	0.8978102189781022
chr6	132642600	132643200	0.7072243346007605
chr6	133948600	133949200	0.625
chr6	135732000	135734000	0.06263498920086392
chr6	136398200	136402000	0.1968225948808473
chr6	137621200	137621800	0.0
chr6	137715800	137716400	0.6825396825396826
chr6	139768400	139769000	0.8241758241758241
chr6	141211000	141211600	0.7256637168141593
chr6	142167800	142168700	0.7290322580645161
chr6	142202600	142203200	0.5
chr6	142396600	142399600	0.30812641083521447
chr6	142768600	142770800	0.8470319634703196
chr6	143464800	143465400	0.32367149758454106
chr6	148154600	148155400	0.5883720930232558
chr7	3961400	3962000	0.3799126637554585
chr7	6131800	6133400	0.06128133704735376
chr7	6677000	6678200	0.10962241169305725
chr7	6708400	6711700	0.37039819684447783
chr7	6727200	6731400	0.055441478439425054
chr7	7043400	7044100	1.0
chr7	7063400	7065100	0.8607594936708861
chr7	7761000	7761600	0.5
chr7	10082600	10083200	0.9354838709677419
chr7	10296000	10296600	0.8865979381443299
chr7	11829800	11830800	0.5581395348837209
chr7	12566200	12566800	0.8461538461538461
chr7	12970400	12971800	0.009860788863109048
chr7	13946000	13946800	0.4682080924855491
chr7	15280000	15280600	0.6984615384615385
chr7	15511200	15511800	0.8843537414965986
chr7	16771200	16772300	0.9239130434782609
chr7	17196600	17197200	0.3125
chr7	23357600	23358600	0.2368951612903226
chr7	24034800	24035400	1.0
chr7	24164200	24165000	0.6632653061224489
chr7	25865600	25866400	0.6355140186915887
chr7	26410800	26411400	0.9067524115755627
chr7	28099000	28099800	0.059880239520958084
chr7	28109600	28112200	0.8695652173913043
chr7	31687600	31688200	0.64
chr7	31963400	31964000	0.6287425149700598
chr7	32720400	32721200	0.7045454545454546
chr7	35274800	35275800	0.11764705882352941
chr7	39837000	39837600	0.9583333333333334
chr7	42914400	42915000	0.8901515151515151
chr7	44079600	44080200	0.974025974025974
chr7	46497600	46500400	0.9194805194805195
chr7	48386300	48387000	0.12244897959183673
chr7	49464400	49465200	0.6762295081967213
chr7	51329400	51330200	0.9594594594594594
chr7	52410800	52411800	0.546242774566474
chr7	53621800	53622400	1.0
chr7	59864700	59866600	0.44988864142538976
chr7	60003000	60005400	0.10372771474878444
chr7	61406800	61407400	0.7391304347826086
chr7	67149800	67150400	0.2962962962962963
chr7	69595600	69596200	0.813953488372093
chr7	69724000	69726200	0.708171206225681
chr7	75865200	75865800	0.2996845425867508
chr7	79115500	79118200	0.967741935483871
chr7	82540000	82540800	0.9375
chr7	83567600	83568200	0.6342592592592593
chr7	84719000	84719600	0.7111111111111111
chr7	86008800	86009700	0.8861788617886179
chr7	87902600	87904200	0.6100981767180925
chr7	92341200	92341800	0.31136363636363634
chr7	92356000	92356600	0.8927613941018767
chr7	94795400	94796000	1.0
chr7	95533000	95533600	0.9724770642201835
chr7	101464000	101464600	0.6804979253112033
chr7	106253200	106253800	0.6779661016949152
chr7	107951400	107952200	0.04411764705882353
chr7	108026200	108028400	0.7340425531914894
chr7	109026200	109027000	0.3854748603351955
chr7	111232600	111233200	1.0
chr7	117667200	117668000	0.7714285714285715
chr7	125505400	125506800	0.6875
chr7	127866200	127868400	0.41822620016273393
chr7	128685000	128689800	0.15225806451612903
chr7	131106000	131106600	0.5517241379310345
chr7	137127800	137130200	0.44712182061579653
chr7	137416200	137418400	0.7455621301775148
chr7	138665400	138666200	0.945
chr7	140027800	140029200	0.703030303030303
chr7	140738500	140741200	0.7953869047619048
chr7	142579900	142582200	0.769100169779287
chr7	143294800	143296800	0.058333333333333334
chr7	143340400	143341000	0.5375
chr7	143677800	143678400	0.9
chr7	143691600	143694600	0.42660550458715596
chr7	144168200	144172200	0.17339667458432304
chr8	3994000	3997400	0.25321100917431194
chr8	4808200	4808900	0.9012345679012346
chr8	5639600	5640800	0.2735961768219833
chr8	5784500	5785200	0.9038031319910514
chr8	6481400	6482100	0.8086124401913876
chr8	9158600	9159200	0.8655913978494624
chr8	9783200	9785600	0.9137529137529138
chr8	10756200	10756800	0.48739495798319327
chr8	12238400	12239000	0.14563106796116504
chr8	12746200	12746800	0.5789473684210527
chr8	12969200	12970200	0.9204892966360856
chr8	13268200	13269000	1.0
chr8	13746400	13749600	0.7024630541871921
chr8	14822300	14823000	0.5118110236220472
chr8	15095200	15095800	0.7696335078534031
chr8	15154400	15155200	0.7909090909090909
chr8	17190200	17191000	0.625
chr8	18264800	18265400	0.9436325678496869
chr8	19314400	19315200	0.8235294117647058
chr8	19529400	19530000	0.857707509881423
chr8	20129200	20129800	0.8847517730496454
chr8	21272000	21273000	0.48484848484848486
chr8	21359200	21359800	0.9166666666666666
chr8	21602100	21602700	0.7448979591836735
chr8	21711200	21711800	0.896551724137931
chr8	22052800	22053400	0.7
chr8	22535200	22535800	1.0
chr8	28619400	28620200	0.7711442786069652
chr8	28904000	28904800	0.8738738738738738
chr8	33487600	33488200	0.6746575342465754
chr8	35089400	35090000	1.0
chr8	36304400	36305000	0.8679245283018868
chr8	38287400	38288000	1.0
chr8	38950000	38950600	0.84375
chr8	39729600	39730400	0.8932584269662921
chr8	40844000	40844600	0.9019607843137255
chr8	40883200	40884000	0.9385593220338984
chr8	43977400	43978200	0.6752136752136753
chr8	45023400	45025600	0.23222748815165878
chr8	45039900	45041000	0.6977401129943502
chr8	46158800	46159600	0.47619047619047616
chr8	46378400	46379200	0.8333333333333334
chr8	48228300	48229400	0.013623978201634877
chr8	48235600	48236200	0.3233082706766917
chr8	48276100	48276900	0.5159235668789809
chr8	49981600	49983000	0.6248839368616528
chr8	52061200	52062000	0.7777777777777778
chr8	52657600	52658200	0.855
chr8	54317200	54317800	0.8117647058823529
chr8	55395200	55396000	1.0
chr8	57503800	57504400	0.75
chr8	62330800	62331400	0.7551020408163265
chr8	63683000	63683800	0.9002123142250531
chr8	65184600	65185300	0.4074074074074074
chr8	65305400	65306000	0.5426356589147286
chr8	67781800	67782400	0.7976878612716763
chr8	68847800	68848400	0.18110236220472442
chr8	70375500	70378200	0.3901477832512315
chr8	73962000	73962600	0.37037037037037035
chr8	78588200	78590000	0.5078534031413613
chr8	79315000	79315600	0.7922077922077922
chr8	80521400	80522000	0.85
chr8	81195800	81196400	0.9870967741935484
chr8	83479600	83480200	0.92
chr8	84994600	84995200	0.05904059040590406
chr8	85510000	85510600	0.09734513274336283
chr8	91409000	91410200	0.6530343007915568
chr8	93298600	93299400	0.27586206896551724
chr8	95293000	95294200	0.8531073446327684
chr8	96507200	96507800	0.9090909090909091
chr8	98698700	98699900	0.6736842105263158
chr8	99466000	99466800	0.5855421686746988
chr8	101710600	101711400	0.6285714285714286
chr8	102147200	102148800	0.7105643994211288
chr8	102365300	102366000	0.970276008492569
chr8	102953400	102954000	0.8122605363984674
chr8	106424800	106425700	0.1588785046728972
chr8	110087400	110090000	0.21153846153846154
chr8	110108000	110110200	0.9976190476190476
chr8	112483800	112484400	0.7364620938628159
chr8	113035200	113035800	0.8814814814814815
chr8	119372800	119373600	1.0
chr8	120338000	120339800	0.29844961240310075
chr8	120611600	120612200	0.9223300970873787
chr8	121045200	121045800	0.5833333333333334
chr8	122260800	122267200	0.4594142259414226
chr8	122860600	122867200	0.44232515894641233
chr8	123420800	123421600	0.010683760683760684
chr8	124679400	124684800	0.558109833971903
chr8	125753000	125754000	0.6836734693877551
chr8	129102200	129102800	0.6829268292682927
chr9	3501400	3502000	0.776595744680851
chr9	3807600	3808300	0.9498327759197325
chr9	5057400	5058000	0.825
chr9	5364800	5365400	0.6400709219858156
chr9	5396600	5397400	0.55863539445629
chr9	5642300	5643600	0.8930232558139535
chr9	6073200	6073800	0.6862745098039216
chr9	8477400	8478000	0.5833333333333334
chr9	9331800	9334200	0.8033707865168539
chr9	11341800	11342400	0.6129032258064516
chr9	13743800	13744600	0.7248677248677249
chr9	18796600	18797400	0.8695652173913043
chr9	19288400	19289000	0.8193146417445483
chr9	19928000	19928600	0.25842696629213485
chr9	22090600	22091200	0.7333333333333333
chr9	23608000	23609000	0.76
chr9	24706400	24707800	0.8722222222222222
chr9	26751400	26752000	0.0
chr9	27333100	27335600	0.43380855397148677
chr9	29705800	29706400	0.6870967741935484
chr9	30830000	30830800	0.8536585365853658
chr9	31734800	31735400	0.9622377622377623
chr9	32321800	32322600	0.125
chr9	39029000	39029600	1.0
chr9	40040600	40041200	0.7222222222222222
chr9	40207400	40208000	0.2377952755905512
chr9	41976600	41977200	0.90625
chr9	44121200	44121800	0.7192982456140351
chr9	57840900	57841600	0.8029197080291971
chr9	60539100	60540200	0.6683937823834197
chr9	75709000	75709600	0.9312977099236641
chr9	75978800	75979400	0.8170731707317073
chr9	76689400	76690000	0.7692307692307693
chr9	77473400	77474000	0.4230769230769231
chr9	78931800	78932400	0.8648648648648649
chr9	79540600	79543600	0.8186915887850468
chr9	84852000	84852600	0.6043956043956044
chr9	88001800	88002400	0.8191489361702128
chr9	89469200	89469800	0.9823008849557522
chr9	89879400	89882000	0.8901098901098901
chr9	93049600	93050600	0.9475409836065574
chr9	96665400	96667400	0.8773946360153256
chr9	98348600	98350200	0.6756756756756757
chr9	99599800	99600400	0.7927927927927928
chr9	101448400	101449000	0.0
chr9	103721000	103721600	0.9473684210526315
chr9	114033600	114034400	0.7783783783783784
chr9	121040800	121042500	0.39325842696629215
