chr1	3878000	3878600	0.1826086956521739
chr1	4921800	4922400	0.5700325732899023
chr1	5040400	5041000	0.581081081081081
chr1	5047000	5047600	0.35403726708074534
chr1	5071800	5073000	0.627940470475276
chr1	5423200	5423800	0.46788990825688076
chr1	6012800	6013400	0.3469945355191257
chr1	10805000	10806000	0.09753954305799649
chr1	13514300	13515200	0.553030303030303
chr1	15020200	15020800	0.5921875
chr1	15862300	15863000	0.43509615384615385
chr1	15917600	15918200	0.5304568527918782
chr1	16711600	16713700	0.5325865580448065
chr1	17239200	17240000	0.15425531914893617
chr1	17685600	17686400	0.5053763440860215
chr1	17903400	17904200	0.5157185628742516
chr1	19009200	19009800	0.39461883408071746
chr1	19398600	19399200	0.671067106710671
chr1	22061000	22061600	0.4336842105263158
chr1	22158000	22158600	0.5730337078651685
chr1	30165400	30166000	0.569937369519833
chr1	30573800	30576000	0.5139557266602502
chr1	31300800	31301400	0.6011787819253438
chr1	31383800	31384400	0.5
chr1	31454200	31454900	0.46547884187082406
chr1	33407400	33408200	0.3635499207606973
chr1	35896400	35899200	0.6310432569974554
chr1	37200400	37201000	0.6255144032921811
chr1	37874900	37875800	0.13478611783696529
chr1	38299200	38299800	0.5422993492407809
chr1	38315200	38315800	0.06624605678233439
chr1	39519200	39519800	0.559748427672956
chr1	40014000	40014600	0.3235294117647059
chr1	40457800	40458600	0.5705669481302774
chr1	41071800	41072400	0.5508021390374331
chr1	41213600	41214200	0.6066666666666667
chr1	41467800	41468400	0.4889867841409692
chr1	46473200	46473800	0.4281437125748503
chr1	46501400	46502000	0.4888888888888889
chr1	48466800	48469000	0.5247678018575851
chr1	49417700	49419400	0.35555555555555557
chr1	49474400	49475200	0.4392523364485981
chr1	49834000	49834600	0.5588235294117647
chr1	52991800	52992400	0.7025316455696202
chr1	57542000	57542600	0.7986111111111112
chr1	60901000	60901600	0.4979508196721312
chr1	63198700	63201000	0.23146944083224968
chr1	65417600	65418600	0.5594758064516129
chr1	65570600	65571200	0.5202312138728323
chr1	69831400	69832000	0.4947589098532495
chr1	72380000	72382000	0.47540983606557374
chr1	76311900	76312600	0.5997818974918212
chr1	83446600	83447200	0.41843971631205673
chr1	83673000	83673600	0.5623987034035657
chr1	84685800	84689600	0.5863945578231292
chr1	84973800	84974400	0.45897435897435895
chr1	88265800	88266600	0.16326530612244897
chr1	89143500	89146000	0.20089086859688196
chr1	89887400	89888000	0.20588235294117646
chr1	91356900	91357600	0.12745098039215685
chr1	92527000	92528600	0.4975247524752475
chr1	92847600	92850800	0.1652267818574514
chr1	92919000	92920200	0.28512820512820514
chr1	96115400	96116000	0.703030303030303
chr1	98110000	98110800	0.5236294896030246
chr1	100986200	100987200	0.5211640211640212
chr1	101040000	101040600	0.5719769673704415
chr1	101291200	101291800	0.49411764705882355
chr1	102111200	102111800	0.2661290322580645
chr1	103746300	103747600	0.5232273838630807
chr1	106637600	106638200	0.38571428571428573
chr1	109251200	109251800	0.6476683937823834
chr1	112331800	112332600	0.5188284518828452
chr1	117089200	117091200	0.5458768873403019
chr1	118864600	118865200	0.18536585365853658
chr1	120994000	120994600	0.4550359712230216
chr1	125096800	125097400	0.64
chr1	129436400	129437200	0.41208791208791207
chr1	130199400	130200200	0.5623376623376624
chr1	130685800	130686800	0.4810126582278481
chr1	131736200	131736800	0.22171945701357465
chr1	133729400	133732000	0.23967551622418878
chr1	139975800	139976400	0.5082508250825083
chr1	145807400	145808000	0.5423728813559322
chr1	147592000	147592600	0.5607613469985359
chr1	148131400	148132000	0.47540983606557374
chr1	154472000	154472600	0.06474820143884892
chr1	164224800	164226600	0.3490909090909091
chr1	165655400	165657400	0.3199577613516367
chr1	169112800	169113600	0.4566768603465851
chr1	172541000	172541600	0.09382151029748284
chr1	173988000	173988600	0.5294117647058824
chr1	174787200	174788000	0.5241830065359477
chr1	181713600	181715600	0.47981220657276996
chr1	182872200	182872800	0.5737051792828686
chr1	183357000	183359000	0.15622521808088818
chr1	185076400	185077000	0.49825783972125437
chr1	187337800	187338400	0.4660633484162896
chr1	187392600	187393800	0.40008041817450746
chr1	189460000	189460600	0.12643678160919541
chr10	3446900	3447600	0.3289036544850498
chr10	4794400	4795000	0.562992125984252
chr10	5963000	5963800	0.5671641791044776
chr10	6221200	6222000	0.6324324324324324
chr10	6514400	6515200	0.2159090909090909
chr10	10593200	10594500	0.6519944979367263
chr10	13089600	13092100	0.104959630911188
chr10	13127000	13128000	0.3901639344262295
chr10	18531400	18532000	0.23511904761904762
chr10	18716200	18717000	0.5784313725490197
chr10	20294400	20295000	0.5413533834586466
chr10	23480800	23481600	0.43227091633466136
chr10	23501000	23501600	0.4763092269326683
chr10	23659200	23660000	0.5014577259475219
chr10	25026800	25027400	0.45263157894736844
chr10	28907300	28908100	0.4375
chr10	29076800	29077400	0.5053763440860215
chr10	29723800	29724400	0.5625
chr10	30058200	30058800	0.5133079847908745
chr10	31080600	31081200	0.46099290780141844
chr10	32527600	32528200	0.3319327731092437
chr10	33685800	33688200	0.5111111111111111
chr10	38224200	38225000	0.4885021752641392
chr10	39140800	39142800	0.11652542372881355
chr10	40050400	40051000	0.5073746312684366
chr10	40645900	40648000	0.3872611464968153
chr10	47219600	47221800	0.47058823529411764
chr10	47732800	47733400	0.4853273137697517
chr10	48290800	48291500	0.5186721991701245
chr10	50447000	50447600	0.5721153846153846
chr10	51444400	51445100	0.39738562091503266
chr10	52114600	52115200	0.4015503875968992
chr10	52502800	52503400	0.513189448441247
chr10	53194600	53195200	0.5782881002087683
chr10	60305800	60306400	0.6425992779783394
chr10	62367200	62368000	0.5217391304347826
chr10	63076000	63076800	0.053497942386831275
chr10	64622000	64623800	0.4991652754590985
chr10	68035600	68036800	0.39341085271317827
chr10	68243700	68245800	0.5342639593908629
chr10	69986200	69993500	0.26503648195622165
chr10	72690600	72691400	0.5301455301455301
chr10	74243200	74244000	0.5794066317626527
chr10	78905400	78906000	0.3333333333333333
chr10	81799400	81802600	0.6047345767575323
chr10	81958200	81961900	0.5941794664510913
chr10	83652200	83652800	0.4602510460251046
chr10	83844200	83844800	0.622568093385214
chr10	85211000	85211600	0.6420664206642066
chr10	85658000	85658800	0.26282051282051283
chr10	86848400	86849000	0.33458646616541354
chr10	88625000	88625800	0.20430107526881722
chr10	90471400	90474000	0.5544651619234544
chr10	91585200	91587000	0.47802197802197804
chr10	97541600	97542200	0.5044883303411131
chr10	98090200	98090800	0.6409691629955947
chr10	98794200	98794800	0.5450819672131147
chr10	100646400	100647000	0.46781789638932497
chr10	101423600	101424200	0.5
chr10	101923600	101924200	0.5755395683453237
chr10	102323500	102324200	0.43570057581573896
chr10	103518600	103519200	0.6419098143236074
chr10	112812200	112813000	0.5481283422459893
chr10	116455400	116456200	0.5622317596566524
chr10	119498200	119498800	0.640625
chr10	121266700	121267800	0.13810741687979539
chr10	122815000	122815700	0.21851851851851853
chr10	129816400	129818600	0.5354037267080746
chr10	130201000	130201600	0.542910447761194
chr10	130473200	130473800	0.5714285714285714
chr11	3133600	3136000	0.1858602275365684
chr11	4013200	4016200	0.4935064935064935
chr11	5202200	5204000	0.3455245428296439
chr11	5457100	5458400	0.2581047381546135
chr11	5535400	5536000	0.5523978685612788
chr11	5808000	5809800	0.5185840707964602
chr11	7401600	7402200	0.5259938837920489
chr11	8399600	8400200	0.5578947368421052
chr11	10216800	10217400	0.5562913907284768
chr11	10674000	10674800	0.5724020442930153
chr11	12025200	12027200	0.06505401596993894
chr11	12905800	12906600	0.45228215767634855
chr11	13351600	13352200	0.5
chr11	15729200	15730000	0.48653846153846153
chr11	16048800	16049600	0.4843304843304843
chr11	16358800	16359600	0.45255474452554745
chr11	17098800	17099400	0.6398601398601399
chr11	17912800	17913400	0.5060240963855421
chr11	19720600	19721200	0.15145631067961166
chr11	20017200	20023800	0.1794296699775713
chr11	25080000	25080600	0.5780346820809249
chr11	25370200	25371000	0.46875
chr11	29580200	29580800	0.5518867924528302
chr11	30318200	30319200	0.4781704781704782
chr11	32209400	32210400	0.5031948881789138
chr11	35875400	35876000	0.21122994652406418
chr11	40634000	40634600	0.4334470989761092
chr11	40650200	40652200	0.5887265135699373
chr11	42908400	42909000	0.45077720207253885
chr11	45769600	45770200	0.2975517890772128
chr11	48744600	48745200	0.3289760348583878
chr11	51941800	51944000	0.5797034291010195
chr11	53578600	53580200	0.30976430976430974
chr11	53966000	53966600	0.5245098039215687
chr11	55252000	55254000	0.30097087378640774
chr11	58316100	58317600	0.2213053263315829
chr11	58708800	58709600	0.592964824120603
chr11	67219000	67221200	0.32673267326732675
chr11	68604000	68604600	0.4948453608247423
chr11	69825200	69827600	0.4768108389786347
chr11	83217600	83218400	0.4457831325301205
chr11	88664600	88665200	0.46226415094339623
chr11	89909800	89910600	0.44835965978128794
chr11	92129100	92131600	0.5369018653690186
chr11	92249400	92250000	0.6008064516129032
chr11	92862000	92862600	0.44242424242424244
chr11	94745400	94746000	0.6204081632653061
chr11	95763400	95764200	0.2661596958174905
chr11	95854800	95855400	0.47039473684210525
chr11	99824700	99826600	0.40406976744186046
chr11	101398800	101399500	0.5625879043600562
chr11	101740000	101740600	0.33663366336633666
chr11	103805000	103805600	0.49640287769784175
chr11	107724200	107724800	0.03732809430255403
chr11	108039600	108040500	0.11787072243346007
chr11	108061800	108062800	0.20448179271708683
chr11	114566000	114566600	0.24444444444444444
chr11	115062400	115063000	0.6693227091633466
chr11	117898200	117899500	0.5297872340425532
chr11	118079400	118081800	0.35040234089246525
chr11	118387600	118388200	0.4776536312849162
chr11	118861600	118862200	0.5913978494623656
chr11	120116600	120117200	0.5083333333333333
chr12	3108400	3109000	0.4612794612794613
chr12	5094600	5096700	0.26812585499316005
chr12	10832800	10833400	0.40308370044052866
chr12	10999200	11000000	0.3567251461988304
chr12	13434400	13437400	0.2052980132450331
chr12	13662000	13662600	0.5743589743589743
chr12	17215600	17216200	0.5224489795918368
chr12	17786000	17786800	0.387308533916849
chr12	18259400	18260000	0.44505494505494503
chr12	23907000	23907600	0.4954954954954955
chr12	24084300	24085200	0.345957011258956
chr12	24141200	24141800	0.572992700729927
chr12	32926600	32927200	0.5254237288135594
chr12	33364200	33365600	0.17573221757322174
chr12	37602800	37603400	0.7121212121212122
chr12	38048000	38049200	0.3939393939393939
chr12	42598600	42599200	0.5522388059701493
chr12	42666600	42667200	0.4274193548387097
chr12	43567600	43571000	0.48922155688622754
chr12	46252400	46255000	0.5472779369627507
chr12	47329400	47331200	0.5364511691884457
chr12	47983600	47984200	0.5247524752475248
chr12	48554600	48555200	0.7788461538461539
chr12	54565200	54565800	0.38235294117647056
chr12	56644000	56646000	0.4627659574468085
chr12	58601600	58602200	0.6029106029106029
chr12	58770000	58770600	0.4016516516516517
chr12	58863600	58864200	0.6038781163434903
chr12	59652000	59652600	0.3115264797507788
chr12	61628600	61629200	0.3373205741626794
chr12	66200800	66201800	0.5044510385756676
chr12	68701000	68701600	0.27932960893854747
chr12	74125800	74126600	0.08778625954198473
chr12	74367200	74367800	0.5220125786163522
chr12	74807600	74808400	0.5684931506849316
chr12	80168000	80172000	0.1685761047463175
chr12	81372200	81373300	0.32156368221941994
chr12	81772600	81773200	0.3630862329803328
chr12	82565600	82566600	0.5154639175257731
chr12	84994000	84994600	0.5764705882352941
chr12	85519000	85519600	0.5490196078431373
chr12	90476600	90477200	0.515686274509804
chr12	91811400	91812000	0.46296296296296297
chr12	95249200	95249800	0.46131386861313867
chr12	96138800	96141600	0.5152963671128107
chr12	96865000	96865600	0.592
chr12	98612800	98613800	0.48307692307692307
chr12	99148000	99148800	0.33079847908745247
chr12	99732800	99733400	0.5352941176470588
chr12	99817800	99818400	0.2131782945736434
chr12	104567100	104568600	0.08660508083140878
chr12	109264800	109265400	0.6666666666666666
chr12	109526400	109528800	0.5236013986013986
chr12	109870300	109871600	0.15695067264573992
chr12	112020100	112021200	0.4722222222222222
chr12	113127400	113128000	0.13122171945701358
chr12	119772600	119773200	0.528
chr13	3102500	3103500	0.5424242424242425
chr13	3138600	3140000	0.046167247386759584
chr13	3162700	3163300	0.5517241379310345
chr13	6184000	6184800	0.5833333333333334
chr13	6846200	6846800	0.5665024630541872
chr13	8441400	8442000	0.4666666666666667
chr13	10301800	10302400	0.548472775564409
chr13	12956200	12957000	0.21843971631205675
chr13	13047000	13047600	0.3
chr13	14400800	14402600	0.5748987854251012
chr13	14781200	14782700	0.49380530973451325
chr13	14852000	14852600	0.4580152671755725
chr13	15887000	15887600	0.40240963855421685
chr13	16622000	16622600	0.5295950155763239
chr13	17821000	17821600	0.30711610486891383
chr13	18045600	18046200	0.21390374331550802
chr13	18740600	18741200	0.6441176470588236
chr13	19439000	19439600	0.3033175355450237
chr13	21650400	21652400	0.49881046788263284
chr13	22173600	22174200	0.7075471698113207
chr13	22282900	22283600	0.3343949044585987
chr13	23329200	23329800	0.4581818181818182
chr13	23375600	23376200	0.5161290322580645
chr13	29541800	29542400	0.41304347826086957
chr13	31738400	31739000	0.5840978593272171
chr13	33853000	33853600	0.2727272727272727
chr13	33882800	33883400	0.4375
chr13	34140400	34142000	0.5105853051058531
chr13	34470600	34471400	0.560880829015544
chr13	36828200	36828800	0.5357142857142857
chr13	41058200	41058800	0.5187713310580204
chr13	41311600	41312200	0.2782152230971129
chr13	41787400	41788000	0.53125
chr13	41930600	41931200	0.5296803652968036
chr13	42156600	42159100	0.3748773307163886
chr13	45566600	45568000	0.1260720411663808
chr13	47009200	47011400	0.11724137931034483
chr13	48585800	48587200	0.18947368421052632
chr13	51086600	51087200	0.4028776978417266
chr13	52905700	52908000	0.18198874296435272
chr13	53555800	53558000	0.35251798561151076
chr13	64931800	64932600	0.5273972602739726
chr13	65323800	65324600	0.40298507462686567
chr13	66473000	66473600	0.5209923664122137
chr13	71381200	71382000	0.4511138613861386
chr13	74417600	74419200	0.3055045871559633
chr13	76478000	76478600	0.48148148148148145
chr13	78261000	78261600	0.5599128540305011
chr13	84536800	84538400	0.5007451564828614
chr13	85329200	85330200	0.6081946222791293
chr13	86305500	86306100	0.615071283095723
chr13	96707800	96708600	0.5309568480300187
chr13	99324200	99324800	0.3669724770642202
chr13	100223900	100225200	0.40344311377245506
chr13	102736600	102737800	0.15947712418300652
chr13	107432000	107433000	0.4607916355489171
chr13	110020000	110020600	0.15753424657534246
chr13	111755400	111756100	0.30844155844155846
chr13	112349600	112350200	0.5853658536585366
chr13	116837000	116837600	0.36649214659685864
chr14	3278200	3280200	0.544973544973545
chr14	5993400	5994200	0.546448087431694
chr14	6235800	6236500	0.5343680709534369
chr14	10274200	10274800	0.5555555555555556
chr14	10954800	10955400	0.4837758112094395
chr14	13933000	13934000	0.6003110419906688
chr14	14243400	14244400	0.37254901960784315
chr14	14248400	14249200	0.4314214463840399
chr14	14582200	14582800	0.3983050847457627
chr14	16907600	16908200	0.6202020202020202
chr14	17005600	17006400	0.5780525502318392
chr14	17320600	17321200	0.546000546000546
chr14	25531800	25532400	0.1991701244813278
chr14	27576800	27577400	0.18461538461538463
chr14	32863400	32864000	0.5685425685425686
chr14	37942800	37943600	0.44834307992202727
chr14	44223200	44223800	0.4444444444444444
chr14	52874400	52875000	0.4594594594594595
chr14	53895800	53896400	0.5384615384615384
chr14	60759200	60762000	0.21882542236524538
chr14	62952800	62953400	0.1377049180327869
chr14	63462100	63462800	0.3600867678958785
chr14	68120200	68122000	0.32706766917293234
chr14	68811400	68813200	0.524390243902439
chr14	69244400	69245400	0.2199367088607595
chr14	72037400	72038200	0.6525679758308157
chr14	72442800	72443400	0.4097222222222222
chr14	82893200	82894000	0.456865127582017
chr14	90345400	90346200	0.416988416988417
chr14	91819000	91819600	0.7341040462427746
chr14	92410000	92412400	0.46099290780141844
chr14	97116400	97117200	0.5389908256880734
chr14	99649200	99649800	0.5024154589371981
chr14	101198200	101198800	0.5228215767634855
chr14	102131000	102131600	0.3895253682487725
chr14	104986800	104987400	0.5681063122923588
chr14	106003600	106005400	0.5406451612903226
chr14	107465600	107466200	0.5260115606936416
chr14	108647500	108650000	0.43915343915343913
chr14	109011000	109012600	0.5845896147403685
chr14	110553000	110553600	0.42105263157894735
chr14	112083000	112083800	0.48514851485148514
chr14	112216000	112216600	0.52046783625731
chr14	112396000	112397000	0.5699523052464229
chr14	118489000	118490600	0.11444652908067542
chr14	118515200	118515800	0.1774193548387097
chr14	118879000	118880900	0.32857142857142857
chr14	120195800	120196400	0.6121212121212121
chr14	121233700	121234500	0.22796352583586627
chr14	123821000	123821600	0.5147679324894515
chr15	3118800	3119400	0.5677966101694916
chr15	3156600	3157200	0.430952380952381
chr15	3887600	3888400	0.6183431952662722
chr15	4607800	4608400	0.5203619909502263
chr15	6680000	6683800	0.4070480081716037
chr15	9557000	9557800	0.4186666666666667
chr15	9643400	9644000	0.23140495867768596
chr15	16309200	16309800	0.4508816120906801
chr15	18125500	18127800	0.5034965034965035
chr15	19403100	19404600	0.570873786407767
chr15	21875600	21876200	0.37574850299401197
chr15	21889600	21890900	0.5977653631284916
chr15	22487800	22488600	0.46915584415584416
chr15	23823800	23825200	0.6220302375809935
chr15	24648400	24649000	0.6123188405797102
chr15	27025200	27025800	0.012367491166077738
chr15	29737000	29737600	0.4918032786885246
chr15	33269600	33270400	0.5597269624573379
chr15	33867400	33868200	0.558974358974359
chr15	36483300	36483900	0.2465753424657534
chr15	37759300	37760200	0.3285198555956679
chr15	49279800	49282800	0.5424710424710425
chr15	50572400	50573200	0.6138996138996139
chr15	52845000	52845600	0.4361904761904762
chr15	57413200	57414000	0.5025466893039049
chr15	57822000	57823800	0.28458844133099825
chr15	60172000	60172600	0.508641975308642
chr15	65268200	65271100	0.5836909871244635
chr15	67911000	67912000	0.38256227758007116
chr15	68180400	68181000	0.35170178282009723
chr15	68368200	68368800	0.47649186256781195
chr15	72806600	72811400	0.12028894472361809
chr15	75013000	75013600	0.3527336860670194
chr15	75031000	75032600	0.5316265060240963
chr15	75040400	75041000	0.645320197044335
chr15	75523400	75524000	0.4789915966386555
chr15	79258200	79262300	0.21443214432144322
chr15	83698800	83701200	0.5165505226480837
chr15	83791800	83792600	0.2860696517412935
chr15	86549000	86549600	0.5737704918032787
chr15	86568400	86569000	0.1503267973856209
chr15	92767200	92768000	0.06270096463022508
chr15	97058500	97059600	0.05405405405405406
chr15	97486400	97487200	0.6539792387543253
chr15	97793400	97794200	0.3474025974025974
chr15	99867200	99869100	0.222011385199241
chr15	101063600	101064200	0.7057356608478803
chr15	101194600	101195200	0.22644628099173553
chr15	103888600	103889200	0.6022099447513812
chr16	4858200	4860000	0.4835262689225289
chr16	5525000	5525600	0.5818181818181818
chr16	14878400	14879000	0.4489051094890511
chr16	15434000	15434600	0.49693251533742333
chr16	18083400	18084000	0.22184300341296928
chr16	19069700	19070400	0.696969696969697
chr16	21028200	21028800	0.5476190476190477
chr16	21612800	21613600	0.15254237288135594
chr16	25190700	25191400	0.5362903225806451
chr16	28621800	28622800	0.4171779141104294
chr16	28853800	28857000	0.519291874716296
chr16	31050400	31051000	0.3198992443324937
chr16	31156000	31156900	0.15267175572519084
chr16	42003200	42003800	0.6049382716049383
chr16	42657000	42657600	0.5463320463320464
chr16	44473800	44474400	0.27906976744186046
chr16	45055800	45056600	0.4751131221719457
chr16	46362400	46363600	0.5216346153846154
chr16	47187800	47188400	0.7052631578947368
chr16	47300600	47301400	0.4196157735085945
chr16	48267800	48268400	0.5074626865671642
chr16	48497000	48498000	0.37266112266112267
chr16	50773400	50775600	0.5950354609929078
chr16	52707000	52707600	0.4107142857142857
chr16	53192400	53193000	0.5561097256857855
chr16	54003000	54003800	0.5179063360881543
chr16	54507400	54508000	0.5927835051546392
chr16	56038600	56042000	0.48261546445251685
chr16	57878200	57878800	0.5111111111111111
chr16	58249400	58250000	0.31381733021077285
chr16	60884000	60884800	0.5574162679425837
chr16	62345000	62345800	0.4827586206896552
chr16	64572200	64573200	0.5305832147937412
chr16	65031600	65033000	0.5912938331318017
chr16	67391000	67391600	0.48559077809798273
chr16	68529200	68530000	0.4662576687116564
chr16	69163200	69164200	0.5988483685220729
chr16	70947400	70948000	0.3311036789297659
chr16	71976000	71976800	0.5209580838323353
chr16	76403200	76403800	0.43434343434343436
chr16	77814600	77815400	0.4685473411154345
chr16	77938000	77938600	0.5618479880774963
chr16	80268100	80269500	0.5610119047619048
chr16	85644000	85644600	0.11278195488721804
chr16	88754800	88755400	0.6244897959183674
chr16	89963100	89964600	0.1557276803913575
chr16	90049600	90050200	0.2826747720364742
chr16	91456200	91457800	0.4032983508245877
chr16	91990700	91991600	0.5859154929577465
chr16	94832800	94833400	0.1833976833976834
chr16	95718800	95719400	0.1884422110552764
chr16	95815600	95816200	0.23958333333333334
chr16	97352000	97352800	0.5549065420560748
chr17	4339800	4340400	0.512987012987013
chr17	6739400	6741400	0.1794871794871795
chr17	8001000	8006000	0.26071103008204194
chr17	10974200	10974800	0.39925373134328357
chr17	12741200	12743000	0.1439509954058193
chr17	14013600	14014600	0.5220012055455093
chr17	16625000	16625600	0.5127768313458262
chr17	17274800	17275400	0.11475409836065574
chr17	18841600	18842400	0.4813153961136024
chr17	19042400	19043000	0.49390243902439024
chr17	20143500	20144700	0.36046511627906974
chr17	20570800	20571400	0.20967741935483872
chr17	22055800	22058800	0.5174468085106383
chr17	22623600	22624400	0.41721854304635764
chr17	23908000	23909000	0.592436974789916
chr17	30499400	30500000	0.5555555555555556
chr17	32016400	32017000	0.5466666666666666
chr17	32069800	32070400	0.6323529411764706
chr17	32587400	32588000	0.22790697674418606
chr17	34044400	34046400	0.2926829268292683
chr17	34398600	34399400	0.06102635228848821
chr17	35281200	35282600	0.37906647807637905
chr17	35363400	35364000	0.37735849056603776
chr17	37730800	37731600	0.5462184873949579
chr17	38897600	38898200	0.45
chr17	38982200	38983200	0.47126436781609193
chr17	40645600	40646200	0.55
chr17	41603400	41604000	0.4088050314465409
chr17	45196600	45197200	0.5959367945823928
chr17	49281200	49281800	0.2490566037735849
chr17	50177600	50178200	0.4264705882352941
chr17	52988400	52989000	0.3925549915397631
chr17	53983800	53985100	0.5635673624288425
chr17	54552000	54552600	0.42657342657342656
chr17	55557800	55558400	0.48739495798319327
chr17	60275600	60276200	0.6907514450867052
chr17	60745600	60746300	0.6910994764397905
chr17	62402200	62402800	0.4214123006833713
chr17	67811100	67813100	0.19667170953101362
chr17	69285900	69289200	0.22055259331071256
chr17	73827000	73830400	0.21442495126705652
chr17	77797600	77798200	0.6973684210526315
chr17	84629600	84630200	0.45569620253164556
chr17	85737200	85738000	0.41
chr17	87133600	87135200	0.09842105263157895
chr17	90478800	90479600	0.46440677966101696
chr17	91271800	91272800	0.38247011952191234
chr17	91359200	91359800	0.56353591160221
chr17	92040600	92041200	0.4793814432989691
chr17	92103600	92104400	0.6370106761565836
chr17	92997800	92998400	0.5923566878980892
chr17	93403900	93404600	0.5369127516778524
chr17	94500800	94501400	0.53125
chr18	3227200	3227800	0.5023696682464455
chr18	3711600	3712200	0.6455026455026455
chr18	3873200	3875200	0.4981179422835634
chr18	7274200	7275000	0.5935334872979214
chr18	7771200	7771800	0.565922920892495
chr18	7816800	7817400	0.5652173913043478
chr18	11746600	11747400	0.5768421052631579
chr18	12972600	12974800	0.1591793420587195
chr18	13172800	13173400	0.4857142857142857
chr18	15988800	15992800	0.4782608695652174
chr18	16288800	16289400	0.4986072423398329
chr18	17352300	17353300	0.4268774703557312
chr18	24705600	24706200	0.6428571428571429
chr18	32877000	32877600	0.5898366606170599
chr18	35528400	35529000	0.39416058394160586
chr18	36850600	36853400	0.459387483355526
chr18	38359200	38359800	0.48320413436692505
chr18	44698400	44699000	0.32413793103448274
chr18	46317400	46318200	0.4823717948717949
chr18	50090200	50090800	0.32441471571906355
chr18	54158800	54159400	0.3795180722891566
chr18	58804200	58804800	0.3998775260257195
chr18	58853400	58854200	0.49612403100775193
chr18	59357400	59358200	0.5357142857142857
chr18	60412200	60412800	0.4975845410628019
chr18	61358000	61358600	0.2664576802507837
chr18	69159200	69159900	0.48120300751879697
chr18	70509000	70510600	0.6466480446927374
chr18	70705800	70706400	0.762114537444934
chr18	71209100	71209900	0.47183098591549294
chr18	74151100	74151800	0.4387755102040816
chr18	77207800	77208400	0.47674418604651164
chr18	77368800	77369400	0.29354838709677417
chr18	79933000	79934400	0.48444444444444446
chr18	83134800	83135600	0.044061302681992334
chr18	87160400	87161400	0.5651237890204521
chr18	87695600	87696200	0.576036866359447
chr18	89407600	89408200	0.4700374531835206
chr18	90429800	90430800	0.5062471078204535
chr18	90559000	90560400	0.336734693877551
chr19	5406200	5407000	0.5255376344086021
chr19	5861400	5862600	0.27854671280276816
chr19	7859800	7860400	0.1689497716894977
chr19	8032600	8034200	0.31724137931034485
chr19	8276800	8277400	0.8345323741007195
chr19	8323800	8324400	0.4330708661417323
chr19	9375000	9375600	0.5135135135135135
chr19	9717600	9718200	0.49885057471264366
chr19	10425000	10425700	0.08163265306122448
chr19	11670400	11671000	0.6072351421188631
chr19	12543800	12545200	0.5590551181102362
chr19	13159600	13160200	0.5333333333333333
chr19	19241200	19241800	0.5078431372549019
chr19	19508600	19509300	0.527536231884058
chr19	20754600	20755200	0.42663656884875845
chr19	21248000	21248600	0.3682795698924731
chr19	24970000	24970800	0.48338368580060426
chr19	25426800	25428400	0.12615384615384614
chr19	25819200	25819800	0.5
chr19	26897200	26897800	0.5991189427312775
chr19	31722600	31724200	0.38371827120969587
chr19	39157000	39157800	0.5426889106967615
chr19	43738000	43738700	0.31711409395973156
chr19	44712800	44713600	0.4064625850340136
chr19	46579800	46581000	0.1171875
chr19	47896200	47898300	0.26595744680851063
chr19	51469400	51470000	0.4560669456066946
chr19	51701200	51701800	0.4844961240310077
chr19	51955200	51955800	0.3269961977186312
chr19	53580200	53580800	0.14666666666666667
chr19	54911600	54912200	0.589010989010989
chr19	55593200	55593900	0.2870201096892139
chr19	55628000	55630600	0.1343825665859564
chr19	55931400	55932000	0.19222462203023757
chr19	56231600	56232200	0.2896825396825397
chr19	56326000	56326800	0.16420664206642066
chr19	57378400	57381600	0.2981366459627329
chr19	57437000	57439600	0.5767157743442328
chr19	58706400	58707200	0.23178807947019867
chr19	58799200	58800700	0.1487964989059081
chr19	61207600	61208200	0.5878524945770065
chr2	7509100	7509800	0.5947521865889213
chr2	7629900	7630600	0.5729166666666666
chr2	12449200	12450000	0.5073375262054507
chr2	13913200	13913800	0.48132780082987553
chr2	15334400	15335000	0.4523364485981308
chr2	15663600	15664400	0.4947209653092006
chr2	16894600	16895200	0.5291970802919708
chr2	19914600	19915400	0.4635416666666667
chr2	21246400	21247000	0.5518867924528302
chr2	22275000	22275600	0.5650887573964497
chr2	24237600	24238200	0.4962121212121212
chr2	26664300	26665100	0.4
chr2	28228800	28229800	0.46021840873634945
chr2	36316700	36317400	0.475
chr2	36807600	36808400	0.12101210121012101
chr2	36964400	36965000	0.5232558139534884
chr2	38568600	38571000	0.30879345603271985
chr2	39704000	39704800	0.6545718432510885
chr2	43071400	43072000	0.38333333333333336
chr2	43329200	43330000	0.571830985915493
chr2	48227200	48227800	0.6382978723404256
chr2	48784800	48786800	0.5955383123181377
chr2	48853600	48854200	0.4607329842931937
chr2	52338400	52339400	0.5833333333333334
chr2	55999000	55999600	0.12837837837837837
chr2	59817400	59819000	0.43941109852774635
chr2	59843000	59844000	0.08658420551855375
chr2	63397600	63398200	0.35683760683760685
chr2	63805600	63806200	0.6535796766743649
chr2	66736600	66737200	0.6231884057971014
chr2	73010400	73013200	0.32872596153846156
chr2	76709800	76713000	0.22167487684729065
chr2	76722900	76725900	0.3386206896551724
chr2	78617000	78617600	0.44970414201183434
chr2	85070000	85070600	0.15619047619047619
chr2	85471900	85473100	0.475
chr2	88212200	88212800	0.49142857142857144
chr2	89560600	89561200	0.3191489361702128
chr2	95695800	95696400	0.5190839694656488
chr2	98208200	98208800	0.5204460966542751
chr2	98752000	98752600	0.5258215962441315
chr2	107171400	107172000	0.5390070921985816
chr2	108202400	108203200	0.45454545454545453
chr2	110095200	110095800	0.7037037037037037
chr2	111040800	111041400	0.49911504424778763
chr2	111936200	111936800	0.46261682242990654
chr2	116454200	116454800	0.3627450980392157
chr2	125617400	125618000	0.18544600938967137
chr2	127577000	127577700	0.16225165562913907
chr2	139476000	139476600	0.5193236714975845
chr2	147672200	147672800	0.6790697674418604
chr2	148745200	148747200	0.5251017639077341
chr2	149519300	149520000	0.5161290322580645
chr2	152686400	152688000	0.08022388059701492
chr2	155987400	155988700	0.28363636363636363
chr2	156482000	156482600	0.5110132158590308
chr2	156747800	156749200	0.21270310192023634
chr2	157557300	157562400	0.1456548347613219
chr2	159345800	159346800	0.38
chr2	160753600	160754200	0.2311111111111111
chr2	162841600	162842200	0.599009900990099
chr2	163469400	163470200	0.16168478260869565
chr2	164502200	164503000	0.11061946902654868
chr2	165296400	165297800	0.26563706563706563
chr2	165380000	165383600	0.2697044334975369
chr2	165514700	165516300	0.35125115848007415
chr2	166430400	166432600	0.43947100712105797
chr2	166629600	166633200	0.22296730930427494
chr2	168488600	168489600	0.18376068376068377
chr2	168622800	168624200	0.5494393476044852
chr2	168979600	168980200	0.19696969696969696
chr2	169764800	169765400	0.28484848484848485
chr2	170504400	170505200	0.15962099125364432
chr2	170891200	170891800	0.28859060402684567
chr2	172001800	172004200	0.4117647058823529
chr2	172291600	172292800	0.34328358208955223
chr2	172895400	172897100	0.2653061224489796
chr2	173066600	173067200	0.6611842105263158
chr2	173098000	173098600	0.42035398230088494
chr2	173455400	173456000	0.5210084033613446
chr2	173645800	173647600	0.24573378839590443
chr2	174092200	174092800	0.07692307692307693
chr2	174096800	174099400	0.22849083215796898
chr2	174121800	174122400	0.3474358974358974
chr2	174293700	174301200	0.18637304167898316
chr2	174345100	174346600	0.27454545454545454
chr2	176790000	176790600	0.4117647058823529
chr2	177281600	177282200	0.5
chr2	179179200	179179800	0.2781065088757396
chr2	179298200	179299400	0.5093062605752962
chr2	179605200	179605800	0.2967741935483871
chr2	181092000	181092600	0.14285714285714285
chr2	181109400	181110000	0.25274725274725274
chr2	181112800	181113400	0.22310756972111553
chr3	5903000	5903600	0.5136986301369864
chr3	6377200	6379100	0.27232142857142855
chr3	7302200	7304800	0.45244956772334294
chr3	8129400	8130200	0.5007974481658692
chr3	13130200	13131000	0.44025157232704404
chr3	14447200	14448000	0.5296610169491526
chr3	14745400	14746000	0.6153846153846154
chr3	16249900	16250500	0.4785714285714286
chr3	19584400	19585000	0.2125984251968504
chr3	20419000	20419600	0.703030303030303
chr3	20854000	20854600	0.494279176201373
chr3	22284400	22285400	0.471671388101983
chr3	22954800	22955600	0.49291338582677163
chr3	22961200	22962000	0.49700598802395207
chr3	23314200	23314800	0.4745222929936306
chr3	24810000	24810600	0.6072874493927125
chr3	26601600	26602400	0.10846343467543139
chr3	26906000	26906600	0.5558739255014327
chr3	27258200	27258800	0.49206349206349204
chr3	29719400	29720200	0.528023598820059
chr3	32313800	32314600	0.4827586206896552
chr3	33479200	33480000	0.5828877005347594
chr3	35171200	35171800	0.4708171206225681
chr3	36853200	36853800	0.5755879059350504
chr3	38455200	38457200	0.308078273958856
chr3	38626800	38627400	0.5398550724637681
chr3	39173800	39174400	0.6637168141592921
chr3	43491800	43492400	0.44
chr3	45578400	45579800	0.4076393237319975
chr3	51264200	51265200	0.6146788990825688
chr3	53323200	53323800	0.17926565874730022
chr3	53721200	53723800	0.3744813278008299
chr3	53888000	53888600	0.5614973262032086
chr3	55102000	55102600	0.3868131868131868
chr3	56009200	56009800	0.5120481927710844
chr3	56853800	56854400	0.5590778097982709
chr3	57869600	57870200	0.4494949494949495
chr3	59689000	59689600	0.5550378567268491
chr3	66112200	66112800	0.5544041450777202
chr3	66268800	66269400	0.5439121756487026
chr3	67775800	67777200	0.5048951048951049
chr3	70745800	70746800	0.5766961651917404
chr3	71225600	71226200	0.3761467889908257
chr3	73863800	73864800	0.36404494382022473
chr3	74864800	74865500	0.4596100278551532
chr3	75715000	75715600	0.6354430379746835
chr3	78249800	78250400	0.6036585365853658
chr3	87535400	87536800	0.11538461538461539
chr3	88240800	88241700	0.13187702265372167
chr3	91649400	91650000	0.23481781376518218
chr3	93619800	93620500	0.5707620528771384
chr3	94254600	94255200	0.5045871559633027
chr3	97086600	97087200	0.6917293233082706
chr3	98098000	98101000	0.31280276816609
chr3	101450800	101451400	0.29376854599406527
chr3	106247400	106248000	0.43636363636363634
chr3	108242200	108244700	0.5
chr3	110057000	110058200	0.39933993399339934
chr3	111724700	111725400	0.5382775119617225
chr3	112566200	112566800	0.5
chr3	112746800	112747400	0.5264550264550265
chr3	113065200	113065800	0.2996389891696751
chr3	113218600	113219200	0.43253968253968256
chr3	113669400	113670000	0.6292585170340681
chr3	115442600	115443200	0.48672566371681414
chr3	117168800	117169400	0.596
chr3	117776200	117776800	0.6468085106382979
chr3	119312000	119312600	0.5521885521885522
chr3	120740800	120742600	0.401267674305217
chr3	123817200	123818000	0.5877862595419847
chr3	124166200	124166800	0.4854586129753915
chr3	125029600	125030200	0.4686868686868687
chr3	126910800	126911400	0.6052631578947368
chr3	128446000	128446600	0.5935374149659864
chr3	128808000	128808600	0.41416309012875535
chr3	128966400	128967000	0.49107142857142855
chr3	135774400	135775000	0.4017857142857143
chr3	139188400	139189000	0.4959349593495935
chr3	151234000	151234600	0.5877659574468085
chr3	156966600	156967600	0.4810606060606061
chr3	159303000	159306400	0.486815415821501
chr4	4028600	4029200	0.5531062124248497
chr4	6609200	6610000	0.4079147640791476
chr4	8135400	8136400	0.6496478873239436
chr4	10354000	10354800	0.5796460176991151
chr4	11400000	11401000	0.14102564102564102
chr4	12136600	12137600	0.3110838946723821
chr4	12959200	12959800	0.4115983026874116
chr4	14423800	14424400	0.632
chr4	14984200	14984800	0.45263157894736844
chr4	15341400	15344000	0.5382087099424815
chr4	16246600	16249200	0.5274212368728122
chr4	16810400	16811200	0.49072164948453606
chr4	16862800	16863400	0.5701754385964912
chr4	17065700	17066400	0.5582191780821918
chr4	20207000	20207600	0.5183946488294314
chr4	20919600	20920400	0.5205811138014528
chr4	22200600	22201200	0.43278688524590164
chr4	23421200	23424000	0.4202988792029888
chr4	25159200	25160000	0.517426273458445
chr4	25188000	25189600	0.3319713993871297
chr4	32894000	32894800	0.22356495468277945
chr4	33301400	33302000	0.4448669201520912
chr4	35781200	35781800	0.5294117647058824
chr4	37224000	37225200	0.3615686274509804
chr4	37365800	37368400	0.4916317991631799
chr4	38383600	38384200	0.5704584040747029
chr4	41637400	41639000	0.48841059602649006
chr4	43568000	43569200	0.27604871447902574
chr4	44264800	44265600	0.37373737373737376
chr4	50319700	50320400	0.6994535519125683
chr4	53126400	53127200	0.536734693877551
chr4	54695600	54696200	0.5335051546391752
chr4	55402400	55403000	0.35864978902953587
chr4	55418800	55419600	0.38182484426529867
chr4	60457800	60458800	0.484375
chr4	62991200	62991800	0.6196581196581197
chr4	65613100	65615200	0.12556306306306306
chr4	66681800	66682500	0.505730659025788
chr4	67916000	67916600	0.45542635658914726
chr4	69569600	69570200	0.5024630541871922
chr4	70815800	70816900	0.366120218579235
chr4	70832200	70832800	0.6
chr4	71915400	71916000	0.5443548387096774
chr4	74648800	74649400	0.2785714285714286
chr4	77151800	77152400	0.5226480836236934
chr4	80928400	80930400	0.4819277108433735
chr4	82672000	82674000	0.40816326530612246
chr4	82791800	82792500	0.6081871345029239
chr4	88481200	88481800	0.5974304068522484
chr4	91068800	91069400	0.5669291338582677
chr4	91576200	91576800	0.5301507537688442
chr4	91654200	91655400	0.4040047114252061
chr4	92763800	92764400	0.5981308411214953
chr4	99731400	99732000	0.44786729857819907
chr4	103168800	103169400	0.5378787878787878
chr4	110863200	110863800	0.4915254237288136
chr4	111271600	111273800	0.6004273504273504
chr4	113836400	113837000	0.5377358490566038
chr4	115194600	115195200	0.28523489932885904
chr4	117477800	117478400	0.4726027397260274
chr4	121378400	121379100	0.617816091954023
chr4	122662600	122663200	0.6297872340425532
chr4	124549200	124549800	0.5984848484848485
chr4	125182200	125182800	0.6363636363636364
chr4	128483200	128483800	0.3034188034188034
chr4	128585400	128590000	0.24838709677419354
chr4	131012200	131013000	0.4059590316573557
chr4	131495000	131495600	0.4146341463414634
chr4	131788200	131788800	0.38967136150234744
chr4	135802000	135802600	0.46886446886446886
chr4	138291800	138294000	0.4095238095238095
chr4	138706600	138707200	0.024154589371980676
chr4	139784200	139785000	0.3256150506512301
chr4	140458600	140462000	0.4967441860465116
chr4	140786000	140786800	0.24210526315789474
chr4	143579200	143579800	0.5034013605442177
chr4	143827200	143827800	0.4749262536873156
chr4	145572900	145573600	0.29297205757832345
chr4	150878200	150880300	0.1262592343854936
chr4	151144400	151145600	0.08425145819831498
chr4	151248800	151251800	0.45145145145145144
chr4	151876200	151876800	0.41002277904328016
chr4	153314600	153315200	0.4661016949152542
chr4	154112800	154113400	0.44081632653061226
chr4	155854800	155855400	0.459214501510574
chr5	3436000	3437600	0.47641144624903325
chr5	3613600	3614300	0.38440111420612816
chr5	8759400	8760100	0.5225
chr5	11619000	11619800	0.5291878172588832
chr5	11963200	11964000	0.49527186761229314
chr5	16755400	16756000	0.4067796610169492
chr5	17682600	17684300	0.5637982195845698
chr5	26044000	26047200	0.5010323468685478
chr5	26929600	26930200	0.26666666666666666
chr5	29408800	29409400	0.6551724137931034
chr5	29983200	29984000	0.5142857142857142
chr5	36966800	36968500	0.3920237590156979
chr5	37326200	37326800	0.32222222222222224
chr5	38673200	38674400	0.4008152173913043
chr5	38912000	38912600	0.5364963503649635
chr5	42661600	42662400	0.4473684210526316
chr5	45345600	45346200	0.4576271186440678
chr5	52918400	52919000	0.559322033898305
chr5	53582400	53583000	0.6085714285714285
chr5	55011000	55013200	0.4851674641148325
chr5	56128800	56129600	0.502491103202847
chr5	58647000	58648700	0.5981012658227848
chr5	61292600	61294200	0.42784113252064493
chr5	61879000	61880200	0.4948717948717949
chr5	62138500	62139200	0.4585365853658537
chr5	63225600	63227900	0.5924784217016029
chr5	63727200	63727800	0.5561797752808989
chr5	64906400	64907000	0.6290322580645161
chr5	69426800	69428200	0.6432532347504621
chr5	69639800	69640800	0.5238709677419355
chr5	70002000	70002600	0.5454545454545454
chr5	70117200	70117800	0.45077720207253885
chr5	70561400	70562000	0.5952380952380952
chr5	73859600	73860200	0.4766355140186916
chr5	75653400	75655700	0.20591715976331362
chr5	86594200	86595000	0.4121110176619008
chr5	87966400	87967000	0.5844155844155844
chr5	90372400	90373000	0.591792656587473
chr5	96672000	96672600	0.4981549815498155
chr5	97063800	97064400	0.08955223880597014
chr5	97087000	97088100	0.06327683615819209
chr5	99943600	99944600	0.2567829457364341
chr5	100726600	100727200	0.6681715575620768
chr5	105811600	105813800	0.3246517262265294
chr5	109550000	109553400	0.3342526199669057
chr5	109971600	109972200	0.653179190751445
chr5	112098400	112099000	0.23076923076923078
chr5	113623600	113625000	0.12147887323943662
chr5	114196400	114197200	0.21076233183856502
chr5	114802400	114804800	0.22136817832436587
chr5	116803400	116804000	0.46
chr5	116981600	116982500	0.5680933852140078
chr5	117295800	117296400	0.6731517509727627
chr5	117707800	117708500	0.1
chr5	118491600	118492200	0.3402777777777778
chr5	119440300	119441200	0.09272727272727273
chr5	124124600	124125200	0.3386243386243386
chr5	125035800	125036400	0.6059602649006622
chr5	125785600	125788000	0.2811158798283262
chr5	128759300	128760200	0.1373134328358209
chr5	128781600	128782400	0.25870069605568446
chr5	129623400	129624000	0.12486544671689989
chr5	129657400	129658000	0.19318181818181818
chr5	129862400	129863000	0.4711864406779661
chr5	131439400	131441000	0.17069701280227595
chr5	131554200	131554800	0.05921052631578947
chr5	134076000	134076600	0.6369047619047619
chr5	134217000	134218000	0.483226266952177
chr5	135348600	135352200	0.20045766590389016
chr5	141154600	141155200	0.5192307692307693
chr5	143758000	143758600	0.13297150610583447
chr5	143966600	143967900	0.2920962199312715
chr5	144092200	144093000	0.37735849056603776
chr5	144555000	144556600	0.32903981264637
chr5	144621800	144623600	0.4688279301745636
chr5	146470000	146471000	0.2962962962962963
chr5	148384800	148385400	0.2161290322580645
chr6	3121000	3121600	0.11764705882352941
chr6	4092000	4093000	0.45384615384615384
chr6	4747200	4755600	0.11564442042691164
chr6	5476600	5477200	0.5435897435897435
chr6	5480000	5481000	0.5761772853185596
chr6	6626000	6627000	0.5457227138643068
chr6	7113000	7113600	0.31891891891891894
chr6	7460200	7461000	0.6258278145695364
chr6	8334600	8335200	0.6398305084745762
chr6	11205200	11206200	0.4896265560165975
chr6	11378600	11379200	0.5733333333333334
chr6	11421200	11421800	0.6815642458100558
chr6	11864600	11865200	0.5602605863192183
chr6	11890800	11891400	0.6366906474820144
chr6	12775400	12776000	0.5483870967741935
chr6	14380000	14380800	0.6180555555555556
chr6	14929000	14929800	0.5570032573289903
chr6	15457800	15458400	0.38565022421524664
chr6	18585400	18587800	0.3863013698630137
chr6	20528000	20528600	0.6254180602006689
chr6	24069000	24069800	0.5006784260515604
chr6	24717200	24718400	0.38461538461538464
chr6	26753200	26755000	0.5106382978723404
chr6	26992400	26993200	0.42857142857142855
chr6	28178000	28178800	0.6023474178403756
chr6	30735200	30739400	0.19816138917262513
chr6	30929100	30929800	0.6459627329192547
chr6	33664800	33665600	0.3789954337899543
chr6	35964600	35965200	0.6481012658227848
chr6	38128200	38128800	0.18912529550827423
chr6	41926800	41928600	0.5826446280991735
chr6	42502200	42502800	0.6
chr6	43131200	43131800	0.5492610837438424
chr6	46153400	46154000	0.4799196787148594
chr6	46226400	46227000	0.5018450184501845
chr6	47904200	47905600	0.17064846416382254
chr6	49971000	49971600	0.48322147651006714
chr6	50619600	50621600	0.10318840579710145
chr6	55496800	55497400	0.27705627705627706
chr6	56965800	56966600	0.5612244897959183
chr6	57052600	57053400	0.42339544513457555
chr6	58017600	58018200	0.564673157162726
chr6	58712400	58713000	0.4319371727748691
chr6	58906200	58907400	0.12071535022354694
chr6	59911200	59911800	0.4125560538116592
chr6	60575600	60576200	0.4232558139534884
chr6	60897600	60898600	0.33088235294117646
chr6	63922800	63925400	0.516058394160584
chr6	66828600	66829200	0.4971590909090909
chr6	69802800	69803600	0.5925925925925926
chr6	70008400	70009000	0.6991869918699187
chr6	70019800	70020600	0.45314505776636715
chr6	74658800	74659400	0.5304054054054054
chr6	75343200	75343800	0.7606837606837606
chr6	76098200	76098800	0.6666666666666666
chr6	76618000	76618600	0.18831168831168832
chr6	78524800	78525900	0.4425287356321839
chr6	78938000	78939200	0.5574712643678161
chr6	80378800	80379600	0.49100968188105115
chr6	81336200	81339000	0.4739545121056493
chr6	82212400	82213000	0.649584487534626
chr6	89322600	89323900	0.32581100141043723
chr6	89332700	89334200	0.2857142857142857
chr6	93068300	93069100	0.5694444444444444
chr6	96704400	96706800	0.5509761388286334
chr6	99877800	99878600	0.6538987688098495
chr6	101150400	101152900	0.2197112366603892
chr6	101453800	101454400	0.34843205574912894
chr6	101825000	101825600	0.5
chr6	104384800	104385800	0.391153512575889
chr6	105426900	105427600	0.46867749419953597
chr6	118617600	118618200	0.5157894736842106
chr6	123243800	123244400	0.5158371040723982
chr6	123762200	123762800	0.5786666666666667
chr6	125249200	125252100	0.548582995951417
chr6	129845800	129846600	0.3803680981595092
chr6	132642600	132643200	0.5238095238095238
chr6	133948600	133949200	0.5517241379310345
chr6	135732000	135734000	0.07177497575169738
chr6	136398200	136402000	0.14857142857142858
chr6	137621200	137621800	0.30536130536130535
chr6	137715800	137716400	0.5294117647058824
chr6	139768400	139769000	0.5084745762711864
chr6	141211000	141211600	0.5152284263959391
chr6	142167800	142168700	0.233810888252149
chr6	142202600	142203200	0.5058823529411764
chr6	142396600	142399600	0.2527075812274368
chr6	142768600	142770800	0.4126984126984127
chr6	143464800	143465400	0.0748663101604278
chr6	148154600	148155400	0.47808764940239046
chr7	3961400	3962000	0.34988179669030733
chr7	6131800	6133400	0.2937853107344633
chr7	6677000	6678200	0.18673647469458987
chr7	6708400	6711700	0.18784872907625544
chr7	6727200	6731400	0.11286089238845144
chr7	7043400	7044100	0.596
chr7	7063400	7065100	0.19622641509433963
chr7	7761000	7761600	0.56797583081571
chr7	10082600	10083200	0.5037593984962406
chr7	10296000	10296600	0.43174603174603177
chr7	11829800	11830800	0.4500818330605565
chr7	12566200	12566800	0.41379310344827586
chr7	12970400	12971800	0.15301391035548687
chr7	13946000	13946800	0.5732165206508135
chr7	15280000	15280600	0.5188679245283019
chr7	15511200	15511800	0.48333333333333334
chr7	16771200	16772300	0.47310126582278483
chr7	17196600	17197200	0.38321167883211676
chr7	23357600	23358600	0.18478260869565216
chr7	24034800	24035400	0.43944636678200694
chr7	24164200	24165000	0.5425531914893617
chr7	25865600	25866400	0.4092526690391459
chr7	26410800	26411400	0.3551912568306011
chr7	28099000	28099800	0.1706924315619968
chr7	28109600	28112200	0.5507124895222129
chr7	31687600	31688200	0.6770833333333334
chr7	31963400	31964000	0.5887265135699373
chr7	32720400	32721200	0.5516304347826086
chr7	35274800	35275800	0.15406562054208273
chr7	39837000	39837600	0.5492957746478874
chr7	42914400	42915000	0.6837606837606838
chr7	44079600	44080200	0.6033519553072626
chr7	46497600	46500400	0.42694300518134715
chr7	48386300	48387000	0.43983402489626555
chr7	49464400	49465200	0.19413919413919414
chr7	51329400	51330200	0.5730337078651685
chr7	52410800	52411800	0.33448275862068966
chr7	53621800	53622400	0.6578947368421053
chr7	59864700	59866600	0.1968365553602812
chr7	60003000	60005400	0.16071428571428573
chr7	61406800	61407400	0.28
chr7	67149800	67150400	0.3033419023136247
chr7	69595600	69596200	0.5240963855421686
chr7	69724000	69726200	0.5507537688442211
chr7	75865200	75865800	0.2610132158590308
chr7	79115500	79118200	0.5282051282051282
chr7	82540000	82540800	0.5983263598326359
chr7	83567600	83568200	0.4449438202247191
chr7	84719000	84719600	0.29523809523809524
chr7	86008800	86009700	0.5321888412017167
chr7	87902600	87904200	0.35284552845528455
chr7	92341200	92341800	0.15406162464985995
chr7	92356000	92356600	0.5728346456692913
chr7	94795400	94796000	0.475
chr7	95533000	95533600	0.4906832298136646
chr7	101464000	101464600	0.2692307692307692
chr7	106253200	106253800	0.40625
chr7	107951400	107952200	0.21235521235521235
chr7	108026200	108028400	0.4104193138500635
chr7	109026200	109027000	0.23270440251572327
chr7	111232600	111233200	0.5277777777777778
chr7	117667200	117668000	0.29401408450704225
chr7	125505400	125506800	0.4442916093535076
chr7	127866200	127868400	0.24770386863345395
chr7	128685000	128689800	0.17293540474243663
chr7	131106000	131106600	0.3193916349809886
chr7	137127800	137130200	0.22302158273381295
chr7	137416200	137418400	0.3915343915343915
chr7	138665400	138666200	0.5732217573221757
chr7	140027800	140029200	0.28368794326241137
chr7	140738500	140741200	0.46966115051221435
chr7	142579900	142582200	0.45466321243523317
chr7	143294800	143296800	0.08552882779686903
chr7	143340400	143341000	0.23157894736842105
chr7	143677800	143678400	0.5807692307692308
chr7	143691600	143694600	0.24659090909090908
chr7	144168200	144172200	0.14285714285714285
chr8	3994000	3997400	0.13508579773640014
chr8	4808200	4808900	0.6188166828322017
chr8	5639600	5640800	0.1662799690641918
chr8	5784500	5785200	0.5513513513513514
chr8	6481400	6482100	0.5397260273972603
chr8	9158600	9159200	0.12142857142857143
chr8	9783200	9785600	0.5670307845084409
chr8	10756200	10756800	0.47085201793721976
chr8	12238400	12239000	0.18672199170124482
chr8	12746200	12746800	0.5675675675675675
chr8	12969200	12970200	0.37341772151898733
chr8	13268200	13269000	0.38388625592417064
chr8	13746400	13749600	0.31019978969505785
chr8	14822300	14823000	0.15454545454545454
chr8	15095200	15095800	0.5173913043478261
chr8	15154400	15155200	0.4904214559386973
chr8	17190200	17191000	0.6101468624833111
chr8	18264800	18265400	0.6274768824306473
chr8	19314400	19315200	0.5046082949308756
chr8	19529400	19530000	0.4275618374558304
chr8	20129200	20129800	0.4962962962962963
chr8	21272000	21273000	0.43842364532019706
chr8	21359200	21359800	0.5568862275449101
chr8	21602100	21602700	0.5269121813031161
chr8	21711200	21711800	0.407871198568873
chr8	22052800	22053400	0.5505050505050505
chr8	22535200	22535800	0.2876404494382023
chr8	28619400	28620200	0.46886446886446886
chr8	28904000	28904800	0.583941605839416
chr8	33487600	33488200	0.5545454545454546
chr8	35089400	35090000	0.3793103448275862
chr8	36304400	36305000	0.6053268765133172
chr8	38287400	38288000	0.3465346534653465
chr8	38950000	38950600	0.42857142857142855
chr8	39729600	39730400	0.6129441624365483
chr8	40844000	40844600	0.4852459016393443
chr8	40883200	40884000	0.4934895833333333
chr8	43977400	43978200	0.46993524514338575
chr8	45023400	45025600	0.3307600950118765
chr8	45039900	45041000	0.4411111111111111
chr8	46158800	46159600	0.4
chr8	46378400	46379200	0.6102941176470589
chr8	48228300	48229400	0.06854838709677419
chr8	48235600	48236200	0.12776831345826234
chr8	48276100	48276900	0.24542682926829268
chr8	49981600	49983000	0.4066869300911854
chr8	52061200	52062000	0.524
chr8	52657600	52658200	0.5314009661835749
chr8	54317200	54317800	0.41935483870967744
chr8	55395200	55396000	0.5602836879432624
chr8	57503800	57504400	0.1115702479338843
chr8	62330800	62331400	0.5963060686015831
chr8	63683000	63683800	0.4918032786885246
chr8	65184600	65185300	0.42344827586206896
chr8	65305400	65306000	0.4703296703296703
chr8	67781800	67782400	0.39635535307517084
chr8	68847800	68848400	0.14583333333333334
chr8	70375500	70378200	0.19088098918083463
chr8	73962000	73962600	0.4881516587677725
chr8	78588200	78590000	0.4532520325203252
chr8	79315000	79315600	0.5679012345679012
chr8	80521400	80522000	0.48484848484848486
chr8	81195800	81196400	0.6666666666666666
chr8	83479600	83480200	0.5292792792792793
chr8	84994600	84995200	0.3446327683615819
chr8	85510000	85510600	0.08421052631578947
chr8	91409000	91410200	0.4
chr8	93298600	93299400	0.4666666666666667
chr8	95293000	95294200	0.4768211920529801
chr8	96507200	96507800	0.515970515970516
chr8	98698700	98699900	0.4311377245508982
chr8	99466000	99466800	0.41858141858141856
chr8	101710600	101711400	0.4539249146757679
chr8	102147200	102148800	0.34865568083261056
chr8	102365300	102366000	0.4927797833935018
chr8	102953400	102954000	0.43724696356275305
chr8	106424800	106425700	0.10761154855643044
chr8	110087400	110090000	0.3421828908554572
chr8	110108000	110110200	0.5181058495821727
chr8	112483800	112484400	0.41774193548387095
chr8	113035200	113035800	0.5320855614973262
chr8	119372800	119373600	0.5
chr8	120338000	120339800	0.22535211267605634
chr8	120611600	120612200	0.3053435114503817
chr8	121045200	121045800	0.4722222222222222
chr8	122260800	122267200	0.24342105263157895
chr8	122860600	122867200	0.23154362416107382
chr8	123420800	123421600	0.17691819911223844
chr8	124679400	124684800	0.25246159905474597
chr8	125753000	125754000	0.24390243902439024
chr8	129102200	129102800	0.5374149659863946
chr9	3501400	3502000	0.3710691823899371
chr9	3807600	3808300	0.5294117647058824
chr9	5057400	5058000	0.6872852233676976
chr9	5364800	5365400	0.49757516973811833
chr9	5396600	5397400	0.45741324921135645
chr9	5642300	5643600	0.4647058823529412
chr9	6073200	6073800	0.4893203883495146
chr9	8477400	8478000	0.6185897435897436
chr9	9331800	9334200	0.46006066734074824
chr9	11341800	11342400	0.6166666666666667
chr9	13743800	13744600	0.5162337662337663
chr9	18796600	18797400	0.609942638623327
chr9	19288400	19289000	0.5276796230859835
chr9	19928000	19928600	0.2345360824742268
chr9	22090600	22091200	0.5
chr9	23608000	23609000	0.512751677852349
chr9	24706400	24707800	0.6121212121212121
chr9	26751400	26752000	0.24379232505643342
chr9	27333100	27335600	0.1989994441356309
chr9	29705800	29706400	0.30569948186528495
chr9	30830000	30830800	0.4364406779661017
chr9	31734800	31735400	0.6481927710843374
chr9	32321800	32322600	0.2274436090225564
chr9	39029000	39029600	0.5827338129496403
chr9	40040600	40041200	0.5907172995780591
chr9	40207400	40208000	0.12359550561797752
chr9	41976600	41977200	0.13513513513513514
chr9	44121200	44121800	0.6049382716049383
chr9	57840900	57841600	0.5155131264916468
chr9	60539100	60540200	0.6275303643724697
chr9	75709000	75709600	0.6789297658862876
chr9	75978800	75979400	0.43846153846153846
chr9	76689400	76690000	0.3719806763285024
chr9	77473400	77474000	0.375
chr9	78931800	78932400	0.39790575916230364
chr9	79540600	79543600	0.4559932942162615
chr9	84852000	84852600	0.472
chr9	88001800	88002400	0.6123076923076923
chr9	89469200	89469800	0.7061855670103093
chr9	89879400	89882000	0.47985347985347987
chr9	93049600	93050600	0.36503067484662577
chr9	96665400	96667400	0.5
chr9	98348600	98350200	0.35667396061269147
chr9	99599800	99600400	0.47645429362880887
chr9	101448400	101449000	0.047058823529411764
chr9	103721000	103721600	0.1702127659574468
chr9	114033600	114034400	0.4495217853347503
chr9	121040800	121042500	0.23520050922978994
