chr1	3878000	3878600	0.6443768996960486
chr1	4921800	4922400	0.3563218390804598
chr1	5040400	5041000	0.17534537725823593
chr1	5047000	5047600	0.4913151364764268
chr1	5071800	5073000	0.19136960600375236
chr1	5423200	5423800	0.7709750566893424
chr1	6012800	6013400	0.41353383458646614
chr1	10805000	10806000	0.9702780441035475
chr1	13514300	13515200	0.5379061371841155
chr1	15020200	15020800	0.2617230098146129
chr1	15862300	15863000	0.5169811320754717
chr1	15917600	15918200	0.1853932584269663
chr1	16711600	16713700	0.3203684749232344
chr1	17239200	17240000	0.375
chr1	17685600	17686400	0.5793413173652695
chr1	17903400	17904200	0.4336283185840708
chr1	19009200	19009800	0.26865671641791045
chr1	19398600	19399200	0.6872635561160151
chr1	22061000	22061600	0.28812260536398465
chr1	22158000	22158600	0.31511254019292606
chr1	30165400	30166000	0.24452554744525548
chr1	30573800	30576000	0.1697459584295612
chr1	31300800	31301400	0.255863539445629
chr1	31383800	31384400	0.31412103746397696
chr1	31454200	31454900	0.7296587926509186
chr1	33407400	33408200	0.4529996791786975
chr1	35896400	35899200	0.3225071225071225
chr1	37200400	37201000	0.1282051282051282
chr1	37874900	37875800	0.9897330595482546
chr1	38299200	38299800	0.31887755102040816
chr1	38315200	38315800	0.7281553398058253
chr1	39519200	39519800	0.18151815181518152
chr1	40014000	40014600	0.9404761904761905
chr1	40457800	40458600	0.2383177570093458
chr1	41071800	41072400	0.7684210526315789
chr1	41213600	41214200	0.17094017094017094
chr1	41467800	41468400	0.15922107674684993
chr1	46473200	46473800	0.9662921348314607
chr1	46501400	46502000	0.9722222222222222
chr1	48466800	48469000	0.3215434083601286
chr1	49417700	49419400	0.41358024691358025
chr1	49474400	49475200	0.625
chr1	49834000	49834600	0.5598885793871866
chr1	52991800	52992400	0.9151943462897526
chr1	57542000	57542600	0.875
chr1	60901000	60901600	0.43555555555555553
chr1	63198700	63201000	0.9178168130489335
chr1	65417600	65418600	0.08690680388793597
chr1	65570600	65571200	0.23809523809523808
chr1	69831400	69832000	0.6631016042780749
chr1	72380000	72382000	0.9893162393162394
chr1	76311900	76312600	0.2880463401790416
chr1	83446600	83447200	0.3076923076923077
chr1	83673000	83673600	0.23384615384615384
chr1	84685800	84689600	0.286321155480034
chr1	84973800	84974400	0.6484848484848484
chr1	88265800	88266600	0.8796443315338203
chr1	89143500	89146000	0.9726235741444867
chr1	89887400	89888000	1.0
chr1	91356900	91357600	0.9498069498069498
chr1	92527000	92528600	0.2510729613733906
chr1	92847600	92850800	0.9533132530120482
chr1	92919000	92920200	0.9160714285714285
chr1	96115400	96116000	0.0
chr1	98110000	98110800	0.21613236814891418
chr1	100986200	100987200	0.22568306010928962
chr1	101040000	101040600	0.13475935828877006
chr1	101291200	101291800	0.48322147651006714
chr1	102111200	102111800	0.8392857142857143
chr1	103746300	103747600	0.84
chr1	106637600	106638200	0.9517241379310345
chr1	109251200	109251800	0.20031796502384738
chr1	112331800	112332600	0.49375
chr1	117089200	117091200	0.33122171945701356
chr1	118864600	118865200	0.9014925373134328
chr1	120994000	120994600	0.48380010982976385
chr1	125096800	125097400	0.5388471177944862
chr1	129436400	129437200	0.4057623049219688
chr1	130199400	130200200	0.33766233766233766
chr1	130685800	130686800	0.3946731234866828
chr1	131736200	131736800	1.0
chr1	133729400	133732000	0.9607843137254902
chr1	139975800	139976400	0.821285140562249
chr1	145807400	145808000	0.1717171717171717
chr1	147592000	147592600	0.24203821656050956
chr1	148131400	148132000	0.3951890034364261
chr1	154472000	154472600	0.963531669865643
chr1	164224800	164226600	0.7594202898550725
chr1	165655400	165657400	0.8550640279394645
chr1	169112800	169113600	0.23746081504702193
chr1	172541000	172541600	0.9854227405247813
chr1	173988000	173988600	0.2801120448179272
chr1	174787200	174788000	0.39248601119104715
chr1	181713600	181715600	0.23606889564336372
chr1	182872200	182872800	0.1232876712328767
chr1	183357000	183359000	0.9664022398506766
chr1	185076400	185077000	0.23640399556048836
chr1	187337800	187338400	1.0
chr1	187392600	187393800	0.40590685346459676
chr1	189460000	189460600	1.0
chr10	3446900	3447600	0.855072463768116
chr10	4794400	4795000	0.7561436672967864
chr10	5963000	5963800	0.4531024531024531
chr10	6221200	6222000	0.5949820788530465
chr10	6514400	6515200	0.693384223918575
chr10	10593200	10594500	0.3111432706222865
chr10	13089600	13092100	0.9513184584178499
chr10	13127000	13128000	0.9828571428571429
chr10	18531400	18532000	0.9935424354243543
chr10	18716200	18717000	0.8630705394190872
chr10	20294400	20295000	0.4918032786885246
chr10	23480800	23481600	0.3254146122814881
chr10	23501000	23501600	0.29973474801061006
chr10	23659200	23660000	0.24677716390423574
chr10	25026800	25027400	0.0
chr10	28907300	28908100	0.25471698113207547
chr10	29076800	29077400	0.3357142857142857
chr10	29723800	29724400	0.13259668508287292
chr10	30058200	30058800	0.39655172413793105
chr10	31080600	31081200	0.7866108786610879
chr10	32527600	32528200	0.24386252045826515
chr10	33685800	33688200	0.20240137221269297
chr10	38224200	38225000	0.4216388225934765
chr10	39140800	39142800	0.9184210526315789
chr10	40050400	40051000	0.7420634920634921
chr10	40645900	40648000	0.33737864077669905
chr10	47219600	47221800	0.2813522355507088
chr10	47732800	47733400	0.540650406504065
chr10	48290800	48291500	0.11544011544011544
chr10	50447000	50447600	0.2734375
chr10	51444400	51445100	0.572039942938659
chr10	52114600	52115200	0.3601161665053243
chr10	52502800	52503400	0.3018867924528302
chr10	53194600	53195200	0.21368715083798884
chr10	60305800	60306400	0.9885714285714285
chr10	62367200	62368000	0.41434262948207173
chr10	63076000	63076800	0.7398843930635838
chr10	64622000	64623800	0.2981366459627329
chr10	68035600	68036800	0.9920477137176938
chr10	68243700	68245800	0.23574468085106384
chr10	69986200	69993500	0.9861546981724202
chr10	72690600	72691400	0.21428571428571427
chr10	74243200	74244000	0.6186359269932757
chr10	78905400	78906000	0.8392857142857143
chr10	81799400	81802600	0.27480457005411907
chr10	81958200	81961900	0.3016627078384798
chr10	83652200	83652800	0.1377551020408163
chr10	83844200	83844800	0.6915422885572139
chr10	85211000	85211600	0.26119402985074625
chr10	85658000	85658800	0.9966555183946488
chr10	86848400	86849000	0.9656652360515021
chr10	88625000	88625800	0.5662650602409639
chr10	90471400	90474000	0.36910994764397903
chr10	91585200	91587000	0.20653442240373396
chr10	97541600	97542200	0.620137299771167
chr10	98090200	98090800	0.3770491803278688
chr10	98794200	98794800	0.3426294820717131
chr10	100646400	100647000	0.57543391188251
chr10	101423600	101424200	0.5263157894736842
chr10	101923600	101924200	0.2774869109947644
chr10	102323500	102324200	0.25023786869647957
chr10	103518600	103519200	0.40607734806629836
chr10	112812200	112813000	0.5958549222797928
chr10	116455400	116456200	0.1164021164021164
chr10	119498200	119498800	0.9507874015748031
chr10	121266700	121267800	0.9732225300092336
chr10	122815000	122815700	0.9736842105263158
chr10	129816400	129818600	0.2959459459459459
chr10	130201000	130201600	0.4119496855345912
chr10	130473200	130473800	0.26804123711340205
chr11	3133600	3136000	0.7756732379847958
chr11	4013200	4016200	0.8161434977578476
chr11	5202200	5204000	0.9681335356600911
chr11	5457100	5458400	0.8642857142857143
chr11	5535400	5536000	0.8445945945945946
chr11	5808000	5809800	0.5221932114882507
chr11	7401600	7402200	0.8794871794871795
chr11	8399600	8400200	0.6963562753036437
chr11	10216800	10217400	0.22580645161290322
chr11	10674000	10674800	0.21915103652517276
chr11	12025200	12027200	0.9920134510298445
chr11	12905800	12906600	0.3198458574181118
chr11	13351600	13352200	0.49694749694749696
chr11	15729200	15730000	0.12955974842767295
chr11	16048800	16049600	0.3449612403100775
chr11	16358800	16359600	0.5942028985507246
chr11	17098800	17099400	0.11855670103092783
chr11	17912800	17913400	0.4424083769633508
chr11	19720600	19721200	0.9468085106382979
chr11	20017200	20023800	0.9496611810261375
chr11	25080000	25080600	0.8258258258258259
chr11	25370200	25371000	0.2518440463645943
chr11	29580200	29580800	0.9722222222222222
chr11	30318200	30319200	0.43326039387308535
chr11	32209400	32210400	0.9727793696275072
chr11	35875400	35876000	0.9938080495356038
chr11	40634000	40634600	0.4384694932781799
chr11	40650200	40652200	0.39331210191082805
chr11	42908400	42909000	0.497907949790795
chr11	45769600	45770200	0.2991518889745567
chr11	48744600	48745200	0.8689655172413793
chr11	51941800	51944000	0.06931567328918323
chr11	53578600	53580200	0.9709618874773139
chr11	53966000	53966600	0.2094017094017094
chr11	55252000	55254000	0.978494623655914
chr11	58316100	58317600	0.9757383966244726
chr11	58708800	58709600	0.08403361344537816
chr11	67219000	67221200	0.7953703703703704
chr11	68604000	68604600	0.4596774193548387
chr11	69825200	69827600	0.035842293906810034
chr11	83217600	83218400	0.1267605633802817
chr11	88664600	88665200	0.9106529209621993
chr11	89909800	89910600	0.5141451414514145
chr11	92129100	92131600	0.3416087388282026
chr11	92249400	92250000	0.28751974723538704
chr11	92862000	92862600	0.7167883211678832
chr11	94745400	94746000	0.02258064516129032
chr11	95763400	95764200	0.9827357237715804
chr11	95854800	95855400	0.2268041237113402
chr11	99824700	99826600	0.375
chr11	101398800	101399500	0.2006125574272588
chr11	101740000	101740600	0.7990543735224587
chr11	103805000	103805600	0.09943181818181818
chr11	107724200	107724800	1.0
chr11	108039600	108040500	0.849721706864564
chr11	108061800	108062800	0.9934640522875817
chr11	114566000	114566600	0.9376114081996435
chr11	115062400	115063000	0.2225609756097561
chr11	117898200	117899500	0.2336448598130841
chr11	118079400	118081800	0.9628482972136223
chr11	118387600	118388200	0.8958333333333334
chr11	118861600	118862200	0.2647058823529412
chr11	120116600	120117200	0.9991582491582491
chr12	3108400	3109000	0.5226824457593688
chr12	5094600	5096700	0.9474375821287779
chr12	10832800	10833400	0.8629032258064516
chr12	10999200	11000000	0.41935483870967744
chr12	13434400	13437400	0.9805722359590251
chr12	13662000	13662600	0.3886255924170616
chr12	17215600	17216200	0.5342465753424658
chr12	17786000	17786800	0.9732057416267943
chr12	18259400	18260000	0.21412037037037038
chr12	23907000	23907600	0.33507853403141363
chr12	24084300	24085200	0.7371069182389937
chr12	24141200	24141800	0.3483606557377049
chr12	32926600	32927200	0.9479768786127167
chr12	33364200	33365600	0.6691358024691358
chr12	37602800	37603400	0.8514705882352941
chr12	38048000	38049200	0.45408678102926336
chr12	42598600	42599200	0.9603174603174603
chr12	42666600	42667200	0.35738539898132426
chr12	43567600	43571000	0.36940110719677904
chr12	46252400	46255000	0.27057079318013344
chr12	47329400	47331200	0.30033745781777277
chr12	47983600	47984200	0.3418181818181818
chr12	48554600	48555200	0.6477272727272727
chr12	54565200	54565800	0.9602446483180428
chr12	56644000	56646000	0.028368794326241134
chr12	58601600	58602200	0.3171052631578947
chr12	58770000	58770600	0.41518275538894095
chr12	58863600	58864200	0.8429223744292238
chr12	59652000	59652600	0.3417085427135678
chr12	61628600	61629200	0.12244897959183673
chr12	66200800	66201800	0.1743119266055046
chr12	68701000	68701600	0.12433862433862433
chr12	74125800	74126600	0.9877862595419847
chr12	74367200	74367800	0.14358974358974358
chr12	74807600	74808400	0.6560509554140127
chr12	80168000	80172000	0.9692965410027206
chr12	81372200	81373300	0.7775489186405767
chr12	81772600	81773200	0.9867424242424242
chr12	82565600	82566600	0.052132701421800945
chr12	84994000	84994600	0.6178861788617886
chr12	85519000	85519600	0.11153846153846154
chr12	90476600	90477200	0.3777555110220441
chr12	91811400	91812000	0.9141274238227147
chr12	95249200	95249800	0.5160975609756098
chr12	96138800	96141600	0.2523809523809524
chr12	96865000	96865600	0.36318407960199006
chr12	98612800	98613800	0.08226691042047532
chr12	99148000	99148800	0.3211129911637526
chr12	99732800	99733400	0.9240506329113924
chr12	99817800	99818400	0.9977064220183486
chr12	104567100	104568600	0.8858381502890174
chr12	109264800	109265400	0.7641509433962265
chr12	109526400	109528800	0.1280193236714976
chr12	109870300	109871600	0.9201474201474201
chr12	112020100	112021200	0.7182539682539683
chr12	113127400	113128000	0.9718045112781954
chr12	119772600	119773200	0.0017574692442882249
chr13	3102500	3103500	0.44155844155844154
chr13	3138600	3140000	0.75850622406639
chr13	3162700	3163300	0.07692307692307693
chr13	6184000	6184800	0.5989304812834224
chr13	6846200	6846800	0.12074303405572756
chr13	8441400	8442000	0.3495702005730659
chr13	10301800	10302400	0.6162324649298597
chr13	12956200	12957000	0.46881091617933723
chr13	13047000	13047600	0.25862068965517243
chr13	14400800	14402600	0.32045454545454544
chr13	14781200	14782700	0.3267605633802817
chr13	14852000	14852600	0.38495575221238937
chr13	15887000	15887600	0.6020151133501259
chr13	16622000	16622600	0.5236842105263158
chr13	17821000	17821600	0.328537170263789
chr13	18045600	18046200	1.0
chr13	18740600	18741200	0.03571428571428571
chr13	19439000	19439600	0.25563063063063063
chr13	21650400	21652400	0.35575679172056923
chr13	22173600	22174200	0.5934959349593496
chr13	22282900	22283600	0.32991803278688525
chr13	23329200	23329800	0.4024390243902439
chr13	23375600	23376200	0.3814102564102564
chr13	29541800	29542400	0.9966555183946488
chr13	31738400	31739000	0.22580645161290322
chr13	33853000	33853600	0.27058823529411763
chr13	33882800	33883400	0.8503401360544217
chr13	34140400	34142000	0.2896174863387978
chr13	34470600	34471400	0.2879045996592845
chr13	36828200	36828800	0.11397058823529412
chr13	41058200	41058800	0.27534246575342464
chr13	41311600	41312200	1.0
chr13	41787400	41788000	0.31297709923664124
chr13	41930600	41931200	0.6823104693140795
chr13	42156600	42159100	0.9861023373341756
chr13	45566600	45568000	0.9731467473524962
chr13	47009200	47011400	0.9578392621870883
chr13	48585800	48587200	0.9570815450643777
chr13	51086600	51087200	0.41685144124168516
chr13	52905700	52908000	0.9670942554378137
chr13	53555800	53558000	0.12038523274478331
chr13	64931800	64932600	0.3055555555555556
chr13	65323800	65324600	0.2801556420233463
chr13	66473000	66473600	0.08560311284046693
chr13	71381200	71382000	0.5550213675213675
chr13	74417600	74419200	0.23844731977818853
chr13	76478000	76478600	0.21558441558441557
chr13	78261000	78261600	0.3502824858757062
chr13	84536800	84538400	0.12438302073050346
chr13	85329200	85330200	0.21147161066048667
chr13	86305500	86306100	0.3560693641618497
chr13	96707800	96708600	0.3011456628477905
chr13	99324200	99324800	1.0
chr13	100223900	100225200	0.36064659977703456
chr13	102736600	102737800	0.9578384798099763
chr13	107432000	107433000	0.317937701396348
chr13	110020000	110020600	1.0
chr13	111755400	111756100	0.9830097087378641
chr13	112349600	112350200	0.0
chr13	116837000	116837600	0.6827697262479872
chr14	3278200	3280200	0.4839476813317479
chr14	5993400	5994200	0.5675675675675675
chr14	6235800	6236500	0.531700288184438
chr14	10274200	10274800	0.2916666666666667
chr14	10954800	10955400	0.7817589576547231
chr14	13933000	13934000	0.09353348729792148
chr14	14243400	14244400	0.298
chr14	14248400	14249200	0.3105196451204056
chr14	14582200	14582800	0.03690036900369004
chr14	16907600	16908200	0.5727636849132176
chr14	17005600	17006400	0.6265286923800565
chr14	17320600	17321200	0.4465277777777778
chr14	25531800	25532400	1.0
chr14	27576800	27577400	1.0
chr14	32863400	32864000	0.12613784135240572
chr14	37942800	37943600	0.422680412371134
chr14	44223200	44223800	0.6288659793814433
chr14	52874400	52875000	0.9473684210526315
chr14	53895800	53896400	0.30030959752321984
chr14	60759200	60762000	0.9809976247030879
chr14	62952800	62953400	1.0
chr14	63462100	63462800	1.0
chr14	68120200	68122000	0.21409921671018275
chr14	68811400	68813200	0.27882599580712786
chr14	69244400	69245400	1.0
chr14	72037400	72038200	0.16483516483516483
chr14	72442800	72443400	0.07981220657276995
chr14	82893200	82894000	0.5274043433298863
chr14	90345400	90346200	0.4715127701375246
chr14	91819000	91819600	0.8142857142857143
chr14	92410000	92412400	0.2917933130699088
chr14	97116400	97117200	0.2198364008179959
chr14	99649200	99649800	0.15284552845528454
chr14	101198200	101198800	0.29155313351498635
chr14	102131000	102131600	0.14568345323741008
chr14	104986800	104987400	0.39332096474953615
chr14	106003600	106005400	0.3739424703891709
chr14	107465600	107466200	0.11325301204819277
chr14	108647500	108650000	0.5025906735751295
chr14	109011000	109012600	0.3776223776223776
chr14	110553000	110553600	0.816793893129771
chr14	112083000	112083800	0.5532994923857868
chr14	112216000	112216600	0.11029411764705882
chr14	112396000	112397000	0.3621285418106427
chr14	118489000	118490600	0.9891566265060241
chr14	118515200	118515800	1.0
chr14	118879000	118880900	0.9746524938675388
chr14	120195800	120196400	0.5357142857142857
chr14	121233700	121234500	0.9421221864951769
chr14	123821000	123821600	0.3080895008605852
chr15	3118800	3119400	0.4933920704845815
chr15	3156600	3157200	0.6764705882352942
chr15	3887600	3888400	0.2702020202020202
chr15	4607800	4608400	0.4709897610921502
chr15	6680000	6683800	0.2379293180686909
chr15	9557000	9557800	0.09647495361781076
chr15	9643400	9644000	0.4431818181818182
chr15	16309200	16309800	0.19910514541387025
chr15	18125500	18127800	0.35846867749419953
chr15	19403100	19404600	0.3720430107526882
chr15	21875600	21876200	0.4676681907250163
chr15	21889600	21890900	0.3937007874015748
chr15	22487800	22488600	0.3502906976744186
chr15	23823800	23825200	0.30941286113699906
chr15	24648400	24649000	0.29330254041570436
chr15	27025200	27025800	0.593939393939394
chr15	29737000	29737600	0.2846715328467153
chr15	33269600	33270400	0.38648443432042523
chr15	33867400	33868200	0.3064516129032258
chr15	36483300	36483900	0.9876543209876543
chr15	37759300	37760200	0.6540130151843818
chr15	49279800	49282800	0.17796030116358658
chr15	50572400	50573200	0.5016778523489933
chr15	52845000	52845600	0.44273127753303965
chr15	57413200	57414000	0.338768115942029
chr15	57822000	57823800	0.812907045589106
chr15	60172000	60172600	0.31351351351351353
chr15	65268200	65271100	0.30584192439862545
chr15	67911000	67912000	0.4272431427243143
chr15	68180400	68181000	0.9926289926289926
chr15	68368200	68368800	0.28776290630975143
chr15	72806600	72811400	0.9398099260823654
chr15	75013000	75013600	0.42784380305602715
chr15	75031000	75032600	0.49029126213592233
chr15	75040400	75041000	0.4343891402714932
chr15	75523400	75524000	0.2984126984126984
chr15	79258200	79262300	0.017692852087756547
chr15	83698800	83701200	0.22627737226277372
chr15	83791800	83792600	0.510061919504644
chr15	86549000	86549600	0.07671232876712329
chr15	86568400	86569000	0.9285714285714286
chr15	92767200	92768000	0.9636635141861623
chr15	97058500	97059600	0.97796817625459
chr15	97486400	97487200	0.835820895522388
chr15	97793400	97794200	0.963013698630137
chr15	99867200	99869100	0.8232118758434548
chr15	101063600	101064200	0.7777777777777778
chr15	101194600	101195200	0.9704968944099379
chr15	103888600	103889200	0.5106382978723404
chr16	4858200	4860000	0.32216494845360827
chr16	5525000	5525600	1.0
chr16	14878400	14879000	0.2508710801393728
chr16	15434000	15434600	1.0
chr16	18083400	18084000	1.0
chr16	19069700	19070400	0.5782312925170068
chr16	21028200	21028800	0.0
chr16	21612800	21613600	0.995
chr16	25190700	25191400	0.5716064757160647
chr16	28621800	28622800	0.7777777777777778
chr16	28853800	28857000	0.23449131513647642
chr16	31050400	31051000	0.9608695652173913
chr16	31156000	31156900	0.9931224209078404
chr16	42003200	42003800	0.6209850107066381
chr16	42657000	42657600	0.7021857923497268
chr16	44473800	44474400	0.009111617312072893
chr16	45055800	45056600	0.43666666666666665
chr16	46362400	46363600	0.14109347442680775
chr16	47187800	47188400	0.9275618374558304
chr16	47300600	47301400	0.526110444177671
chr16	48267800	48268400	0.2894736842105263
chr16	48497000	48498000	0.7127763103016822
chr16	50773400	50775600	0.3920595533498759
chr16	52707000	52707600	0.05172413793103448
chr16	53192400	53193000	0.32722513089005234
chr16	54003000	54003800	0.1891891891891892
chr16	54507400	54508000	0.8641975308641975
chr16	56038600	56042000	0.4356929212362911
chr16	57878200	57878800	0.831081081081081
chr16	58249400	58250000	0.4368932038834951
chr16	60884000	60884800	0.5097402597402597
chr16	62345000	62345800	0.34413965087281795
chr16	64572200	64573200	0.1851357365376057
chr16	65031600	65033000	0.48148148148148145
chr16	67391000	67391600	0.3970037453183521
chr16	68529200	68530000	0.7768595041322314
chr16	69163200	69164200	0.30885529157667385
chr16	70947400	70948000	0.4682658670664668
chr16	71976000	71976800	0.2251552795031056
chr16	76403200	76403800	0.8804034582132565
chr16	77814600	77815400	0.5758601240834743
chr16	77938000	77938600	0.25090383224873464
chr16	80268100	80269500	0.2569832402234637
chr16	85644000	85644600	0.9573934837092731
chr16	88754800	88755400	0.37174721189591076
chr16	89963100	89964600	0.994431185361973
chr16	90049600	90050200	0.9935897435897436
chr16	91456200	91457800	0.2774869109947644
chr16	91990700	91991600	0.3174061433447099
chr16	94832800	94833400	1.0
chr16	95718800	95719400	1.0
chr16	95815600	95816200	0.9947643979057592
chr16	97352000	97352800	0.20988805970149255
chr17	4339800	4340400	0.5625
chr17	6739400	6741400	0.25252525252525254
chr17	8001000	8006000	0.6685116851168512
chr17	10974200	10974800	0.4669926650366748
chr17	12741200	12743000	0.9864104967197751
chr17	14013600	14014600	0.2181901699586587
chr17	16625000	16625600	0.5764119601328903
chr17	17274800	17275400	0.9858490566037735
chr17	18841600	18842400	0.24553571428571427
chr17	19042400	19043000	0.1564245810055866
chr17	20143500	20144700	0.7944501541623844
chr17	20570800	20571400	0.9262981574539364
chr17	22055800	22058800	0.3525641025641026
chr17	22623600	22624400	0.2202572347266881
chr17	23908000	23909000	0.1
chr17	30499400	30500000	0.9473684210526315
chr17	32016400	32017000	1.0
chr17	32069800	32070400	0.0
chr17	32587400	32588000	0.979381443298969
chr17	34044400	34046400	0.9673340358271865
chr17	34398600	34399400	0.8078947368421052
chr17	35281200	35282600	0.3152639087018545
chr17	35363400	35364000	0.5374732334047109
chr17	37730800	37731600	0.20488466757123475
chr17	38897600	38898200	0.4565916398713826
chr17	38982200	38983200	0.2468354430379747
chr17	40645600	40646200	0.37777777777777777
chr17	41603400	41604000	0.8279569892473119
chr17	45196600	45197200	0.2956081081081081
chr17	49281200	49281800	0.9445628997867804
chr17	50177600	50178200	0.07402912621359223
chr17	52988400	52989000	0.49493670886075947
chr17	53983800	53985100	0.34299516908212563
chr17	54552000	54552600	0.16236722306525037
chr17	55557800	55558400	0.46202090592334494
chr17	60275600	60276200	0.41889483065953653
chr17	60745600	60746300	0.9042253521126761
chr17	62402200	62402800	0.2322435174746336
chr17	67811100	67813100	1.0
chr17	69285900	69289200	1.0
chr17	73827000	73830400	0.982521847690387
chr17	77797600	77798200	0.4588235294117647
chr17	84629600	84630200	0.5
chr17	85737200	85738000	0.08869565217391304
chr17	87133600	87135200	0.9951430113329736
chr17	90478800	90479600	0.5378787878787878
chr17	91271800	91272800	0.8130252100840336
chr17	91359200	91359800	0.21359223300970873
chr17	92040600	92041200	0.041666666666666664
chr17	92103600	92104400	0.3143631436314363
chr17	92997800	92998400	0.5896414342629482
chr17	93403900	93404600	0.2536945812807882
chr17	94500800	94501400	0.43993759750390016
chr18	3227200	3227800	0.18774703557312253
chr18	3711600	3712200	0.3313253012048193
chr18	3873200	3875200	0.4212152420185376
chr18	7274200	7275000	0.6605714285714286
chr18	7771200	7771800	0.0856269113149847
chr18	7816800	7817400	0.55
chr18	11746600	11747400	0.23763955342902712
chr18	12972600	12974800	0.9470740103270223
chr18	13172800	13173400	0.2622798887859129
chr18	15988800	15992800	0.25277777777777777
chr18	16288800	16289400	0.14972847168347556
chr18	17352300	17353300	0.5402397260273972
chr18	24705600	24706200	0.08148148148148149
chr18	32877000	32877600	0.7893462469733656
chr18	35528400	35529000	0.06438631790744467
chr18	36850600	36853400	0.29187396351575456
chr18	38359200	38359800	0.023255813953488372
chr18	44698400	44699000	0.4418604651162791
chr18	46317400	46318200	0.09836065573770492
chr18	50090200	50090800	0.9831649831649831
chr18	54158800	54159400	0.06434782608695652
chr18	58804200	58804800	0.4871287128712871
chr18	58853400	58854200	0.3473344103392569
chr18	59357400	59358200	0.30601092896174864
chr18	60412200	60412800	0.5783132530120482
chr18	61358000	61358600	0.965183752417795
chr18	69159200	69159900	0.6455026455026455
chr18	70509000	70510600	0.9659305993690852
chr18	70705800	70706400	0.6691449814126395
chr18	71209100	71209900	0.19626168224299065
chr18	74151100	74151800	0.7095709570957096
chr18	77207800	77208400	0.0
chr18	77368800	77369400	0.9669421487603306
chr18	79933000	79934400	0.0988235294117647
chr18	83134800	83135600	0.9223880597014925
chr18	87160400	87161400	0.3829190056134723
chr18	87695600	87696200	0.23887375113533152
chr18	89407600	89408200	0.2112676056338028
chr18	90429800	90430800	0.4857734092084842
chr18	90559000	90560400	0.19282511210762332
chr19	5406200	5407000	0.2717391304347826
chr19	5861400	5862600	0.9413281753707285
chr19	7859800	7860400	0.06430868167202572
chr19	8032600	8034200	0.3871866295264624
chr19	8276800	8277400	1.0
chr19	8323800	8324400	0.2829861111111111
chr19	9375000	9375600	0.9318181818181818
chr19	9717600	9718200	0.9436619718309859
chr19	10425000	10425700	0.9102564102564102
chr19	11670400	11671000	0.925
chr19	12543800	12545200	0.3101851851851852
chr19	13159600	13160200	0.375
chr19	19241200	19241800	0.48897795591182364
chr19	19508600	19509300	0.19424964936886396
chr19	20754600	20755200	0.5459074733096085
chr19	21248000	21248600	0.4230769230769231
chr19	24970000	24970800	0.49183303085299457
chr19	25426800	25428400	0.9977298524404086
chr19	25819200	25819800	0.43440233236151604
chr19	26897200	26897800	0.32608695652173914
chr19	31722600	31724200	0.5336927223719676
chr19	39157000	39157800	0.5216450216450217
chr19	43738000	43738700	0.86084142394822
chr19	44712800	44713600	0.42447418738049714
chr19	46579800	46581000	0.9745403111739745
chr19	47896200	47898300	0.9047842401500938
chr19	51469400	51470000	0.1854043392504931
chr19	51701200	51701800	0.2883771929824561
chr19	51955200	51955800	0.5922909880564604
chr19	53580200	53580800	0.9479392624728851
chr19	54911600	54912200	0.26305220883534136
chr19	55593200	55593900	0.9091826437941474
chr19	55628000	55630600	0.9386904761904762
chr19	55931400	55932000	1.0
chr19	56231600	56232200	1.0
chr19	56326000	56326800	0.9478260869565217
chr19	57378400	57381600	0.9883824843610366
chr19	57437000	57439600	0.053156146179401995
chr19	58706400	58707200	0.1937984496124031
chr19	58799200	58800700	1.0
chr19	61207600	61208200	0.5022421524663677
chr2	7509100	7509800	0.11952191235059761
chr2	7629900	7630600	0.9289678135405105
chr2	12449200	12450000	0.7048710601719198
chr2	13913200	13913800	0.02564102564102564
chr2	15334400	15335000	0.29918032786885246
chr2	15663600	15664400	0.28433734939759037
chr2	16894600	16895200	0.14754098360655737
chr2	19914600	19915400	0.5459770114942529
chr2	21246400	21247000	0.24108170310701957
chr2	22275000	22275600	0.35443037974683544
chr2	24237600	24238200	0.3387387387387387
chr2	26664300	26665100	NA
chr2	28228800	28229800	1.0
chr2	36316700	36317400	0.6975806451612904
chr2	36807600	36808400	0.3146067415730337
chr2	36964400	36965000	0.28313253012048195
chr2	38568600	38571000	0.4772277227722772
chr2	39704000	39704800	0.19160997732426305
chr2	43071400	43072000	0.22402597402597402
chr2	43329200	43330000	0.6018099547511312
chr2	48227200	48227800	0.45454545454545453
chr2	48784800	48786800	0.2144702842377261
chr2	48853600	48854200	0.8149253731343283
chr2	52338400	52339400	0.2875494071146245
chr2	55999000	55999600	0.5481481481481482
chr2	59817400	59819000	0.967391304347826
chr2	59843000	59844000	0.984778292521509
chr2	63397600	63398200	0.47774480712166173
chr2	63805600	63806200	0.9633088725817212
chr2	66736600	66737200	0.20044296788482835
chr2	73010400	73013200	0.21546748749519046
chr2	76709800	76713000	0.9598323436954244
chr2	76722900	76725900	0.9397331037451572
chr2	78617000	78617600	0.5759336099585062
chr2	85070000	85070600	0.9626865671641791
chr2	85471900	85473100	0.5388471177944862
chr2	88212200	88212800	0.33225806451612905
chr2	89560600	89561200	0.8623188405797102
chr2	95695800	95696400	0.3379501385041551
chr2	98208200	98208800	0.6546762589928058
chr2	98752000	98752600	0.32941176470588235
chr2	107171400	107172000	0.5580159433126661
chr2	108202400	108203200	0.3197389885807504
chr2	110095200	110095800	0.48109965635738833
chr2	111040800	111041400	0.4015748031496063
chr2	111936200	111936800	0.2435723951285521
chr2	116454200	116454800	0.36160714285714285
chr2	125617400	125618000	0.9141274238227147
chr2	127577000	127577700	0.9151712887438825
chr2	139476000	139476600	0.2565864833906071
chr2	147672200	147672800	0.22586520947176686
chr2	148745200	148747200	0.27596439169139464
chr2	149519300	149520000	0.25660377358490566
chr2	152686400	152688000	0.9658314350797267
chr2	155987400	155988700	0.9610169491525423
chr2	156482000	156482600	0.044186046511627906
chr2	156747800	156749200	0.9521857923497268
chr2	157557300	157562400	0.887
chr2	159345800	159346800	0.31314623338257014
chr2	160753600	160754200	1.0
chr2	162841600	162842200	0.9191729323308271
chr2	163469400	163470200	1.0
chr2	164502200	164503000	0.9104829210836278
chr2	165296400	165297800	0.9718189581554227
chr2	165380000	165383600	0.9850924269528921
chr2	165514700	165516300	0.9727443609022557
chr2	166430400	166432600	0.20824524312896406
chr2	166629600	166633200	0.9289372599231754
chr2	168488600	168489600	0.9581151832460733
chr2	168622800	168624200	0.24857142857142858
chr2	168979600	168980200	0.9835164835164835
chr2	169764800	169765400	1.0
chr2	170504400	170505200	0.9743101807802094
chr2	170891200	170891800	0.0
chr2	172001800	172004200	0.3440453686200378
chr2	172291600	172292800	0.06666666666666667
chr2	172895400	172897100	0.2843866171003718
chr2	173066600	173067200	0.028925619834710745
chr2	173098000	173098600	0.06486486486486487
chr2	173455400	173456000	0.04081632653061224
chr2	173645800	173647600	0.17061611374407584
chr2	174092200	174092800	1.0
chr2	174096800	174099400	0.9552117263843648
chr2	174121800	174122400	0.07478427612655801
chr2	174293700	174301200	0.959753628079649
chr2	174345100	174346600	0.9881619937694704
chr2	176790000	176790600	0.6223404255319149
chr2	177281600	177282200	0.22270742358078602
chr2	179179200	179179800	0.9925093632958801
chr2	179298200	179299400	0.271712158808933
chr2	179605200	179605800	1.0
chr2	181092000	181092600	0.9873949579831933
chr2	181109400	181110000	0.9546925566343042
chr2	181112800	181113400	0.8275058275058275
chr3	5903000	5903600	0.30220713073005095
chr3	6377200	6379100	0.570281124497992
chr3	7302200	7304800	0.3640500568828214
chr3	8129400	8130200	0.32493540051679587
chr3	13130200	13131000	0.532051282051282
chr3	14447200	14448000	0.2059800664451827
chr3	14745400	14746000	0.2729281767955801
chr3	16249900	16250500	0.42025316455696204
chr3	19584400	19585000	0.8727272727272727
chr3	20419000	20419600	0.5309446254071661
chr3	20854000	20854600	0.3053097345132743
chr3	22284400	22285400	0.43270300333704115
chr3	22954800	22955600	0.2556291390728477
chr3	22961200	22962000	0.21481481481481482
chr3	23314200	23314800	0.5732009925558312
chr3	24810000	24810600	0.6774193548387096
chr3	26601600	26602400	0.9731096911608094
chr3	26906000	26906600	0.1725955204216074
chr3	27258200	27258800	0.38106796116504854
chr3	29719400	29720200	0.25703865791393143
chr3	32313800	32314600	0.5387488328664799
chr3	33479200	33480000	0.49158249158249157
chr3	35171200	35171800	0.4972677595628415
chr3	36853200	36853800	0.18468731735827001
chr3	38455200	38457200	0.96814639105388
chr3	38626800	38627400	0.20937188434695914
chr3	39173800	39174400	0.03827751196172249
chr3	43491800	43492400	0.9091614906832298
chr3	45578400	45579800	0.3602611179110567
chr3	51264200	51265200	0.864
chr3	53323200	53323800	0.9582417582417583
chr3	53721200	53723800	0.5231343283582089
chr3	53888000	53888600	0.23770491803278687
chr3	55102000	55102600	0.16923076923076924
chr3	56009200	56009800	0.6666666666666666
chr3	56853800	56854400	0.5943396226415094
chr3	57869600	57870200	0.23227383863080683
chr3	59689000	59689600	0.22551928783382788
chr3	66112200	66112800	0.13114754098360656
chr3	66268800	66269400	0.25943678849610546
chr3	67775800	67777200	0.3320964749536178
chr3	70745800	70746800	0.32209737827715357
chr3	71225600	71226200	0.4583333333333333
chr3	73863800	73864800	0.3089171974522293
chr3	74864800	74865500	0.2948571428571429
chr3	75715000	75715600	0.4393203883495146
chr3	78249800	78250400	0.24952380952380954
chr3	87535400	87536800	0.9762308998302207
chr3	88240800	88241700	0.7921092564491654
chr3	91649400	91650000	0.5984555984555985
chr3	93619800	93620500	0.2609271523178808
chr3	94254600	94255200	0.8780487804878049
chr3	97086600	97087200	0.273972602739726
chr3	98098000	98101000	0.9424972617743702
chr3	101450800	101451400	0.9580209895052474
chr3	106247400	106248000	0.9048672566371682
chr3	108242200	108244700	0.6778656126482213
chr3	110057000	110058200	0.5414987912973409
chr3	111724700	111725400	0.30544993662864384
chr3	112566200	112566800	0.3466666666666667
chr3	112746800	112747400	0.8846153846153846
chr3	113065200	113065800	0.21052631578947367
chr3	113218600	113219200	0.6318607764390897
chr3	113669400	113670000	0.34539473684210525
chr3	115442600	115443200	0.37442396313364057
chr3	117168800	117169400	0.4228187919463087
chr3	117776200	117776800	0.12430939226519337
chr3	119312000	119312600	0.20199501246882792
chr3	120740800	120742600	0.6419525065963061
chr3	123817200	123818000	0.12217514124293785
chr3	124166200	124166800	0.43352601156069365
chr3	125029600	125030200	0.09405255878284924
chr3	126910800	126911400	0.36607142857142855
chr3	128446000	128446600	0.39737991266375544
chr3	128808000	128808600	0.11007751937984496
chr3	128966400	128967000	0.25105189340813466
chr3	135774400	135775000	0.522633744855967
chr3	139188400	139189000	0.9804560260586319
chr3	151234000	151234600	0.3741496598639456
chr3	156966600	156967600	0.18466522678185746
chr3	159303000	159306400	0.5778251599147122
chr4	4028600	4029200	0.6766666666666666
chr4	6609200	6610000	0.24651924651924653
chr4	8135400	8136400	0.4132231404958678
chr4	10354000	10354800	0.7807017543859649
chr4	11400000	11401000	0.8522072936660269
chr4	12136600	12137600	0.7731295253419147
chr4	12959200	12959800	0.5576298701298701
chr4	14423800	14424400	0.25139664804469275
chr4	14984200	14984800	0.7159090909090909
chr4	15341400	15344000	0.28119001919385794
chr4	16246600	16249200	0.2736512900703675
chr4	16810400	16811200	0.5926773455377574
chr4	16862800	16863400	0.9923664122137404
chr4	17065700	17066400	0.9624060150375939
chr4	20207000	20207600	0.18849449204406366
chr4	20919600	20920400	0.3862359550561798
chr4	22200600	22201200	0.6875
chr4	23421200	23424000	0.3134765625
chr4	25159200	25160000	0.1912479740680713
chr4	25188000	25189600	0.5330739299610895
chr4	32894000	32894800	0.9869565217391304
chr4	33301400	33302000	0.43548387096774194
chr4	35781200	35781800	0.2630173564753004
chr4	37224000	37225200	0.5565217391304348
chr4	37365800	37368400	0.5891238670694864
chr4	38383600	38384200	0.32
chr4	41637400	41639000	0.11832374691865243
chr4	43568000	43569200	0.9336734693877551
chr4	44264800	44265600	0.44745762711864406
chr4	50319700	50320400	0.630901287553648
chr4	53126400	53127200	0.32558139534883723
chr4	54695600	54696200	0.1858267716535433
chr4	55402400	55403000	0.00398406374501992
chr4	55418800	55419600	0.5994363929146538
chr4	60457800	60458800	0.45751633986928103
chr4	62991200	62991800	0.0
chr4	65613100	65615200	0.9611035730438715
chr4	66681800	66682500	0.3001841620626151
chr4	67916000	67916600	0.7262357414448669
chr4	69569600	69570200	0.5884101040118871
chr4	70815800	70816900	0.5314465408805031
chr4	70832200	70832800	0.44680851063829785
chr4	71915400	71916000	0.5313653136531366
chr4	74648800	74649400	0.2618343195266272
chr4	77151800	77152400	0.9101796407185628
chr4	80928400	80930400	0.2833698030634573
chr4	82672000	82674000	0.10185185185185185
chr4	82791800	82792500	0.3828856964397252
chr4	88481200	88481800	0.14593698175787728
chr4	91068800	91069400	0.367595818815331
chr4	91576200	91576800	0.3511111111111111
chr4	91654200	91655400	0.32453151618398635
chr4	92763800	92764400	0.5718954248366013
chr4	99731400	99732000	0.2123076923076923
chr4	103168800	103169400	0.4233289646133683
chr4	110863200	110863800	0.2463768115942029
chr4	111271600	111273800	0.3796576032225579
chr4	113836400	113837000	0.23255813953488372
chr4	115194600	115195200	0.9814814814814815
chr4	117477800	117478400	0.07954545454545454
chr4	121378400	121379100	0.5941422594142259
chr4	122662600	122663200	0.3458904109589041
chr4	124549200	124549800	0.0028328611898017
chr4	125182200	125182800	0.21568627450980393
chr4	128483200	128483800	0.7275132275132276
chr4	128585400	128590000	0.9572510822510822
chr4	131012200	131013000	0.2568149210903874
chr4	131495000	131495600	1.0
chr4	131788200	131788800	1.0
chr4	135802000	135802600	0.15648854961832062
chr4	138291800	138294000	0.10112359550561797
chr4	138706600	138707200	0.9477611940298507
chr4	139784200	139785000	0.020161290322580645
chr4	140458600	140462000	0.03526448362720403
chr4	140786000	140786800	0.12418300653594772
chr4	143579200	143579800	0.8545454545454545
chr4	143827200	143827800	0.46218487394957986
chr4	145572900	145573600	0.556247008137865
chr4	150878200	150880300	0.9949748743718593
chr4	151144400	151145600	0.21162579473206175
chr4	151248800	151251800	0.015873015873015872
chr4	151876200	151876800	0.003663003663003663
chr4	153314600	153315200	0.0
chr4	154112800	154113400	0.005917159763313609
chr4	155854800	155855400	0.9763374485596708
chr5	3436000	3437600	0.34830866807610994
chr5	3613600	3614300	0.2638888888888889
chr5	8759400	8760100	0.1646090534979424
chr5	11619000	11619800	0.26647286821705424
chr5	11963200	11964000	0.2570281124497992
chr5	16755400	16756000	0.5185185185185185
chr5	17682600	17684300	0.2025691699604743
chr5	26044000	26047200	0.18211648892534865
chr5	26929600	26930200	0.4396551724137931
chr5	29408800	29409400	0.15757575757575756
chr5	29983200	29984000	0.4332493702770781
chr5	36966800	36968500	0.9832584728460596
chr5	37326200	37326800	0.8433908045977011
chr5	38673200	38674400	0.9854824935952178
chr5	38912000	38912600	0.34445768772348034
chr5	42661600	42662400	0.28679245283018867
chr5	45345600	45346200	0.16844349680170576
chr5	52918400	52919000	0.058823529411764705
chr5	53582400	53583000	0.6098901098901099
chr5	55011000	55013200	0.27927927927927926
chr5	56128800	56129600	0.49591988130563797
chr5	58647000	58648700	0.28522920203735147
chr5	61292600	61294200	0.549117247623359
chr5	61879000	61880200	0.2259475218658892
chr5	62138500	62139200	0.5125
chr5	63225600	63227900	0.3381389252948886
chr5	63727200	63727800	0.14619883040935672
chr5	64906400	64907000	0.32978723404255317
chr5	69426800	69428200	0.43478260869565216
chr5	69639800	69640800	0.31868131868131866
chr5	70002000	70002600	0.06413301662707839
chr5	70117200	70117800	0.021052631578947368
chr5	70561400	70562000	0.4146341463414634
chr5	73859600	73860200	0.466824644549763
chr5	75653400	75655700	0.9646464646464646
chr5	86594200	86595000	0.5711906744379683
chr5	87966400	87967000	0.3161764705882353
chr5	90372400	90373000	0.22802197802197802
chr5	96672000	96672600	0.2916666666666667
chr5	97063800	97064400	0.9824561403508771
chr5	97087000	97088100	0.9152854511970534
chr5	99943600	99944600	0.9953488372093023
chr5	100726600	100727200	0.08333333333333333
chr5	105811600	105813800	0.9845692241748821
chr5	109550000	109553400	0.9593820084724645
chr5	109971600	109972200	0.6575809199318569
chr5	112098400	112099000	1.0
chr5	113623600	113625000	0.9232804232804233
chr5	114196400	114197200	0.967989756722151
chr5	114802400	114804800	0.9810543657331137
chr5	116803400	116804000	0.9398058252427185
chr5	116981600	116982500	0.0
chr5	117295800	117296400	0.7946768060836502
chr5	117707800	117708500	1.0
chr5	118491600	118492200	0.9710144927536232
chr5	119440300	119441200	0.9527824620573356
chr5	124124600	124125200	0.9768041237113402
chr5	125035800	125036400	1.0
chr5	125785600	125788000	0.9865771812080537
chr5	128759300	128760200	0.9594594594594594
chr5	128781600	128782400	0.9457364341085271
chr5	129623400	129624000	0.6397849462365591
chr5	129657400	129658000	0.6396588486140725
chr5	129862400	129863000	1.0
chr5	131439400	131441000	0.9413982179575051
chr5	131554200	131554800	0.9382716049382716
chr5	134076000	134076600	0.0
chr5	134217000	134218000	0.0025380710659898475
chr5	135348600	135352200	0.9042821158690176
chr5	141154600	141155200	NA
chr5	143758000	143758600	0.9615384615384616
chr5	143966600	143967900	0.9098557692307693
chr5	144092200	144093000	0.2570194384449244
chr5	144555000	144556600	0.8574561403508771
chr5	144621800	144623600	0.25666666666666665
chr5	146470000	146471000	0.9725
chr5	148384800	148385400	0.9234972677595629
chr6	3121000	3121600	0.9566074950690335
chr6	4092000	4093000	0.43020485945688425
chr6	4747200	4755600	0.9160771704180064
chr6	5476600	5477200	0.4426229508196721
chr6	5480000	5481000	0.5357142857142857
chr6	6626000	6627000	0.24253731343283583
chr6	7113000	7113600	0.8606158833063209
chr6	7460200	7461000	0.34838709677419355
chr6	8334600	8335200	0.0913978494623656
chr6	11205200	11206200	0.2182741116751269
chr6	11378600	11379200	0.3444976076555024
chr6	11421200	11421800	0.2983425414364641
chr6	11864600	11865200	0.17398373983739837
chr6	11890800	11891400	0.17128874388254486
chr6	12775400	12776000	0.7749360613810742
chr6	14380000	14380800	1.0
chr6	14929000	14929800	0.27492447129909364
chr6	15457800	15458400	0.1326923076923077
chr6	18585400	18587800	0.48179979777553084
chr6	20528000	20528600	0.20584795321637428
chr6	24069000	24069800	0.34994462901439644
chr6	24717200	24718400	0.3280475718533201
chr6	26753200	26755000	0.3639751552795031
chr6	26992400	26993200	0.5546558704453441
chr6	28178000	28178800	0.30637488106565175
chr6	30735200	30739400	0.8709880427942102
chr6	30929100	30929800	0.5189504373177842
chr6	33664800	33665600	0.6561314791403287
chr6	35964600	35965200	0.35280898876404493
chr6	38128200	38128800	1.0
chr6	41926800	41928600	0.19161676646706588
chr6	42502200	42502800	0.86
chr6	43131200	43131800	0.23337222870478413
chr6	46153400	46154000	0.744927536231884
chr6	46226400	46227000	0.2962962962962963
chr6	47904200	47905600	0.9839605181986428
chr6	49971000	49971600	0.29190751445086704
chr6	50619600	50621600	0.5297029702970297
chr6	55496800	55497400	0.9844961240310077
chr6	56965800	56966600	0.23268698060941828
chr6	57052600	57053400	0.5574912891986062
chr6	58017600	58018200	0.24104234527687296
chr6	58712400	58713000	0.215633423180593
chr6	58906200	58907400	0.9732334047109208
chr6	59911200	59911800	0.205607476635514
chr6	60575600	60576200	0.2918781725888325
chr6	60897600	60898600	0.5127478753541076
chr6	63922800	63925400	0.2781520692974013
chr6	66828600	66829200	0.20874751491053678
chr6	69802800	69803600	0.40482954545454547
chr6	70008400	70009000	0.9060773480662984
chr6	70019800	70020600	0.4639175257731959
chr6	74658800	74659400	0.3137254901960784
chr6	75343200	75343800	0.4406779661016949
chr6	76098200	76098800	0.9696202531645569
chr6	76618000	76618600	0.5212765957446809
chr6	78524800	78525900	0.2664756446991404
chr6	78938000	78939200	0.4984076433121019
chr6	80378800	80379600	0.4566532258064516
chr6	81336200	81339000	0.30970625798212004
chr6	82212400	82213000	0.4
chr6	89322600	89323900	0.9776035834266518
chr6	89332700	89334200	0.9976689976689976
chr6	93068300	93069100	0.5637860082304527
chr6	96704400	96706800	0.23636363636363636
chr6	99877800	99878600	0.7822878228782287
chr6	101150400	101152900	0.9536302623550945
chr6	101453800	101454400	0.19346049046321526
chr6	101825000	101825600	0.202991452991453
chr6	104384800	104385800	0.494299674267101
chr6	105426900	105427600	0.22141560798548093
chr6	118617600	118618200	0.10820895522388059
chr6	123243800	123244400	0.271875
chr6	123762200	123762800	0.40153452685422
chr6	125249200	125252100	0.24479166666666666
chr6	129845800	129846600	0.8506944444444444
chr6	132642600	132643200	0.25396825396825395
chr6	133948600	133949200	0.547752808988764
chr6	135732000	135734000	0.8257464512971121
chr6	136398200	136402000	0.9711019371228962
chr6	137621200	137621800	0.9744525547445255
chr6	137715800	137716400	0.27941176470588236
chr6	139768400	139769000	0.23655913978494625
chr6	141211000	141211600	0.16490963855421686
chr6	142167800	142168700	0.6604146100691016
chr6	142202600	142203200	0.9954337899543378
chr6	142396600	142399600	0.9211087420042644
chr6	142768600	142770800	0.9779735682819384
chr6	143464800	143465400	0.46875
chr6	148154600	148155400	0.6800804828973843
chr7	3961400	3962000	0.6588235294117647
chr7	6131800	6133400	0.9886530014641288
chr7	6677000	6678200	0.9686684073107049
chr7	6708400	6711700	0.9754535752401281
chr7	6727200	6731400	0.9687614176105225
chr7	7043400	7044100	0.3153153153153153
chr7	7063400	7065100	0.1715686274509804
chr7	7761000	7761600	0.6033755274261603
chr7	10082600	10083200	0.7931818181818182
chr7	10296000	10296600	0.7838983050847458
chr7	11829800	11830800	0.2943670502725621
chr7	12566200	12566800	0.9511278195488722
chr7	12970400	12971800	0.9557291666666666
chr7	13946000	13946800	0.48
chr7	15280000	15280600	0.18899521531100477
chr7	15511200	15511800	0.15948275862068967
chr7	16771200	16772300	0.12788632326820604
chr7	17196600	17197200	0.6548223350253807
chr7	23357600	23358600	0.8216995447647951
chr7	24034800	24035400	0.005434782608695652
chr7	24164200	24165000	0.27818627450980393
chr7	25865600	25866400	0.29583333333333334
chr7	26410800	26411400	0.6425233644859814
chr7	28099000	28099800	0.9597069597069597
chr7	28109600	28112200	0.36809815950920244
chr7	31687600	31688200	0.10638297872340426
chr7	31963400	31964000	0.39114391143911437
chr7	32720400	32721200	0.35377358490566035
chr7	35274800	35275800	0.90625
chr7	39837000	39837600	0.23417721518987342
chr7	42914400	42915000	0.15
chr7	44079600	44080200	0.7297297297297297
chr7	46497600	46500400	1.0
chr7	48386300	48387000	0.6472081218274112
chr7	49464400	49465200	0.9837587006960556
chr7	51329400	51330200	0.4135702746365105
chr7	52410800	52411800	0.16938110749185667
chr7	53621800	53622400	0.5925925925925926
chr7	59864700	59866600	0.9325301204819277
chr7	60003000	60005400	0.9285714285714286
chr7	61406800	61407400	0.14576271186440679
chr7	67149800	67150400	0.9915188897455667
chr7	69595600	69596200	0.8395061728395061
chr7	69724000	69726200	0.27789256198347106
chr7	75865200	75865800	0.9458804523424879
chr7	79115500	79118200	0.07597173144876325
chr7	82540000	82540800	0.0625
chr7	83567600	83568200	0.039735099337748346
chr7	84719000	84719600	0.39285714285714285
chr7	86008800	86009700	0.7289156626506024
chr7	87902600	87904200	0.3973703433162893
chr7	92341200	92341800	0.9609856262833676
chr7	92356000	92356600	0.42424242424242425
chr7	94795400	94796000	0.5743243243243243
chr7	95533000	95533600	0.4773218142548596
chr7	101464000	101464600	0.952286282306163
chr7	106253200	106253800	0.14882226980728053
chr7	107951400	107952200	0.9546460176991151
chr7	108026200	108028400	0.45004697776385844
chr7	109026200	109027000	0.8432432432432433
chr7	111232600	111233200	0.1872791519434629
chr7	117667200	117668000	0.9006276150627615
chr7	125505400	125506800	0.12
chr7	127866200	127868400	0.9567543468568881
chr7	128685000	128689800	0.9745664739884393
chr7	131106000	131106600	1.0
chr7	137127800	137130200	0.9766970618034447
chr7	137416200	137418400	0.6545226130653267
chr7	138665400	138666200	0.5406976744186046
chr7	140027800	140029200	0.9551282051282052
chr7	140738500	140741200	0.27595628415300544
chr7	142579900	142582200	0.07382039573820395
chr7	143294800	143296800	0.9480314960629921
chr7	143340400	143341000	1.0
chr7	143677800	143678400	0.20434782608695654
chr7	143691600	143694600	0.8843457943925234
chr7	144168200	144172200	0.9226289517470881
chr8	3994000	3997400	0.9968866749688667
chr8	4808200	4808900	0.26229508196721313
chr8	5639600	5640800	0.714622641509434
chr8	5784500	5785200	0.4411764705882353
chr8	6481400	6482100	0.345367027677497
chr8	9158600	9159200	0.4271356783919598
chr8	9783200	9785600	0.1565934065934066
chr8	10756200	10756800	0.9916666666666667
chr8	12238400	12239000	0.9507042253521126
chr8	12746200	12746800	0.07692307692307693
chr8	12969200	12970200	0.08896797153024912
chr8	13268200	13269000	1.0
chr8	13746400	13749600	0.1757847533632287
chr8	14822300	14823000	0.9515488482922955
chr8	15095200	15095800	0.4026340545625588
chr8	15154400	15155200	0.07598039215686274
chr8	17190200	17191000	0.2160337552742616
chr8	18264800	18265400	0.45582329317269077
chr8	19314400	19315200	0.35108958837772397
chr8	19529400	19530000	0.43458980044345896
chr8	20129200	20129800	0.7627906976744186
chr8	21272000	21273000	0.34608030592734224
chr8	21359200	21359800	0.5156398104265403
chr8	21602100	21602700	0.32015065913371
chr8	21711200	21711800	0.47534246575342465
chr8	22052800	22053400	0.0
chr8	22535200	22535800	1.0
chr8	28619400	28620200	0.38128986534372783
chr8	28904000	28904800	0.2791946308724832
chr8	33487600	33488200	0.15202702702702703
chr8	35089400	35090000	0.0
chr8	36304400	36305000	0.23986486486486486
chr8	38287400	38288000	0.3904382470119522
chr8	38950000	38950600	0.45930232558139533
chr8	39729600	39730400	0.44809688581314877
chr8	40844000	40844600	0.32407407407407407
chr8	40883200	40884000	0.4035947712418301
chr8	43977400	43978200	0.4668218859138533
chr8	45023400	45025600	0.9591463414634146
chr8	45039900	45041000	0.9775280898876404
chr8	46158800	46159600	0.02669902912621359
chr8	46378400	46379200	0.2289272030651341
chr8	48228300	48229400	0.28210526315789475
chr8	48235600	48236200	0.2288801571709234
chr8	48276100	48276900	0.9390519187358917
chr8	49981600	49983000	0.4619744922059518
chr8	52061200	52062000	0.10256410256410256
chr8	52657600	52658200	0.373134328358209
chr8	54317200	54317800	0.64
chr8	55395200	55396000	0.26359832635983266
chr8	57503800	57504400	NA
chr8	62330800	62331400	0.4656084656084656
chr8	63683000	63683800	0.3157894736842105
chr8	65184600	65185300	0.4427536231884058
chr8	65305400	65306000	0.23609845031905197
chr8	67781800	67782400	0.5339578454332553
chr8	68847800	68848400	1.0
chr8	70375500	70378200	0.9705758722152165
chr8	73962000	73962600	0.3129251700680272
chr8	78588200	78590000	0.9308641975308642
chr8	79315000	79315600	0.4723926380368098
chr8	80521400	80522000	0.0
chr8	81195800	81196400	0.43686868686868685
chr8	83479600	83480200	0.391304347826087
chr8	84994600	84995200	0.7715930902111324
chr8	85510000	85510600	1.0
chr8	91409000	91410200	0.9795471146822499
chr8	93298600	93299400	0.5154028436018957
chr8	95293000	95294200	0.13333333333333333
chr8	96507200	96507800	0.3721881390593047
chr8	98698700	98699900	0.6565464895635673
chr8	99466000	99466800	0.5209876543209877
chr8	101710600	101711400	0.2779973649538867
chr8	102147200	102148800	0.5077160493827161
chr8	102365300	102366000	0.22488038277511962
chr8	102953400	102954000	0.16861219195849547
chr8	106424800	106425700	1.0
chr8	110087400	110090000	0.9380530973451328
chr8	110108000	110110200	0.036337209302325583
chr8	112483800	112484400	0.3578336557059961
chr8	113035200	113035800	0.030303030303030304
chr8	119372800	119373600	0.28110599078341014
chr8	120338000	120339800	0.9759036144578314
chr8	120611600	120612200	0.8518518518518519
chr8	121045200	121045800	0.07272727272727272
chr8	122260800	122267200	0.9776255707762557
chr8	122860600	122867200	0.9313638382940915
chr8	123420800	123421600	0.9557086614173228
chr8	124679400	124684800	0.9609810479375697
chr8	125753000	125754000	1.0
chr8	129102200	129102800	0.5211864406779662
chr9	3501400	3502000	0.98625
chr9	3807600	3808300	0.48904109589041095
chr9	5057400	5058000	0.39285714285714285
chr9	5364800	5365400	0.3567921440261866
chr9	5396600	5397400	0.3890909090909091
chr9	5642300	5643600	0.9342105263157895
chr9	6073200	6073800	0.6430594900849859
chr9	8477400	8478000	0.7456140350877193
chr9	9331800	9334200	0.08533333333333333
chr9	11341800	11342400	0.4626865671641791
chr9	13743800	13744600	0.24043715846994534
chr9	18796600	18797400	0.36
chr9	19288400	19289000	0.29955947136563876
chr9	19928000	19928600	0.5381944444444444
chr9	22090600	22091200	0.53125
chr9	23608000	23609000	0.07410795974382434
chr9	24706400	24707800	0.024390243902439025
chr9	26751400	26752000	1.0
chr9	27333100	27335600	0.9338842975206612
chr9	29705800	29706400	0.10810810810810811
chr9	30830000	30830800	0.024844720496894408
chr9	31734800	31735400	0.1101871101871102
chr9	32321800	32322600	0.7432432432432432
chr9	39029000	39029600	0.42589928057553955
chr9	40040600	40041200	0.48175182481751827
chr9	40207400	40208000	0.5889724310776943
chr9	41976600	41977200	0.9852941176470589
chr9	44121200	44121800	0.0
chr9	57840900	57841600	0.24342105263157895
chr9	60539100	60540200	0.7664670658682635
chr9	75709000	75709600	0.493573264781491
chr9	75978800	75979400	0.18859957776213934
chr9	76689400	76690000	0.6822429906542056
chr9	77473400	77474000	0.9941176470588236
chr9	78931800	78932400	0.4908424908424908
chr9	79540600	79543600	0.2574178027265437
chr9	84852000	84852600	0.6074380165289256
chr9	88001800	88002400	0.48360655737704916
chr9	89469200	89469800	0.7985185185185185
chr9	89879400	89882000	0.03864734299516908
chr9	93049600	93050600	0.835820895522388
chr9	96665400	96667400	0.22036082474226804
chr9	98348600	98350200	0.5102420856610801
chr9	99599800	99600400	0.927694406548431
chr9	101448400	101449000	0.9722222222222222
chr9	103721000	103721600	0.996996996996997
chr9	114033600	114034400	0.47762747138397504
chr9	121040800	121042500	0.956500328299409
