chr1	3878000	3878600	0.7920792079207921
chr1	4921800	4922400	0.5145985401459854
chr1	5040400	5041000	0.39664804469273746
chr1	5047000	5047600	0.17073170731707318
chr1	5071800	5073000	0.0064516129032258064
chr1	5423200	5423800	0.6907216494845361
chr1	6012800	6013400	0.445578231292517
chr1	10805000	10806000	0.8837209302325582
chr1	13514300	13515200	0.06711409395973154
chr1	15020200	15020800	0.43373493975903615
chr1	15862300	15863000	0.5665859564164649
chr1	15917600	15918200	0.18461538461538463
chr1	16711600	16713700	0.5345345345345346
chr1	17239200	17240000	0.1743119266055046
chr1	17685600	17686400	0.7889125799573561
chr1	17903400	17904200	0.28654970760233917
chr1	19009200	19009800	0.5
chr1	19398600	19399200	0.31385281385281383
chr1	22061000	22061600	0.43617021276595747
chr1	22158000	22158600	0.34759358288770054
chr1	30165400	30166000	0.3851851851851852
chr1	30573800	30576000	0.16279069767441862
chr1	31300800	31301400	0.4745011086474501
chr1	31383800	31384400	0.42718446601941745
chr1	31454200	31454900	0.3072289156626506
chr1	33407400	33408200	0.2748487467588591
chr1	35896400	35899200	0.41169853768278963
chr1	37200400	37201000	0.16666666666666666
chr1	37874900	37875800	0.9738339021615472
chr1	38299200	38299800	0.4638009049773756
chr1	38315200	38315800	0.6042780748663101
chr1	39519200	39519800	0.3614457831325301
chr1	40014000	40014600	0.8121212121212121
chr1	40457800	40458600	0.14965986394557823
chr1	41071800	41072400	0.14814814814814814
chr1	41213600	41214200	0.47058823529411764
chr1	41467800	41468400	0.24175824175824176
chr1	46473200	46473800	0.8095238095238095
chr1	46501400	46502000	0.9384615384615385
chr1	48466800	48469000	0.12652068126520682
chr1	49417700	49419400	0.3561643835616438
chr1	49474400	49475200	0.579185520361991
chr1	49834000	49834600	0.4473684210526316
chr1	52991800	52992400	0.9094650205761317
chr1	57542000	57542600	0.04736842105263158
chr1	60901000	60901600	0.12110726643598616
chr1	63198700	63201000	0.9030520646319569
chr1	65417600	65418600	0.6794871794871795
chr1	65570600	65571200	0.21428571428571427
chr1	69831400	69832000	0.37545126353790614
chr1	72380000	72382000	0.7535714285714286
chr1	76311900	76312600	0.4638109305760709
chr1	83446600	83447200	0.18796992481203006
chr1	83673000	83673600	0.33668341708542715
chr1	84685800	84689600	0.30612244897959184
chr1	84973800	84974400	0.4375
chr1	88265800	88266600	0.726303317535545
chr1	89143500	89146000	0.8860265417642467
chr1	89887400	89888000	0.75
chr1	91356900	91357600	0.8941176470588236
chr1	92527000	92528600	0.44163424124513617
chr1	92847600	92850800	0.8786127167630058
chr1	92919000	92920200	0.9148580968280468
chr1	96115400	96116000	0.03333333333333333
chr1	98110000	98110800	0.37116564417177916
chr1	100986200	100987200	0.2781065088757396
chr1	101040000	101040600	0.37719298245614036
chr1	101291200	101291800	0.5495049504950495
chr1	102111200	102111800	0.7142857142857143
chr1	103746300	103747600	0.716
chr1	106637600	106638200	0.9754601226993865
chr1	109251200	109251800	0.3712121212121212
chr1	112331800	112332600	0.9012345679012346
chr1	117089200	117091200	0.36927621861152143
chr1	118864600	118865200	0.3333333333333333
chr1	120994000	120994600	0.38936781609195403
chr1	125096800	125097400	0.2824427480916031
chr1	129436400	129437200	0.26477272727272727
chr1	130199400	130200200	0.5563380281690141
chr1	130685800	130686800	0.4855072463768116
chr1	131736200	131736800	0.9625
chr1	133729400	133732000	0.7043596730245232
chr1	139975800	139976400	0.9037433155080213
chr1	145807400	145808000	0.24528301886792453
chr1	147592000	147592600	0.5437415881561238
chr1	148131400	148132000	0.4370860927152318
chr1	154472000	154472600	0.9386281588447654
chr1	164224800	164226600	0.6182190378710338
chr1	165655400	165657400	0.8670454545454546
chr1	169112800	169113600	0.24064171122994651
chr1	172541000	172541600	0.9090909090909091
chr1	173988000	173988600	0.17647058823529413
chr1	174787200	174788000	0.6083916083916084
chr1	181713600	181715600	0.2694300518134715
chr1	182872200	182872800	0.25735294117647056
chr1	183357000	183359000	0.8646408839779005
chr1	185076400	185077000	0.21052631578947367
chr1	187337800	187338400	0.6052631578947368
chr1	187392600	187393800	0.21105527638190955
chr1	189460000	189460600	1.0
chr10	3446900	3447600	0.9586466165413534
chr10	4794400	4795000	0.8445945945945946
chr10	5963000	5963800	0.20125786163522014
chr10	6221200	6222000	0.5277777777777778
chr10	6514400	6515200	0.5135135135135135
chr10	10593200	10594500	0.36650485436893204
chr10	13089600	13092100	0.9295287505404237
chr10	13127000	13128000	0.899009900990099
chr10	18531400	18532000	0.7145708582834331
chr10	18716200	18717000	0.7278688524590164
chr10	20294400	20295000	0.21052631578947367
chr10	23480800	23481600	0.2912332838038633
chr10	23501000	23501600	0.267223382045929
chr10	23659200	23660000	0.17078189300411523
chr10	25026800	25027400	0.28270042194092826
chr10	28907300	28908100	0.42748091603053434
chr10	29076800	29077400	0.7407407407407407
chr10	29723800	29724400	0.5048543689320388
chr10	30058200	30058800	0.45871559633027525
chr10	31080600	31081200	0.8666666666666667
chr10	32527600	32528200	0.16666666666666666
chr10	33685800	33688200	0.6331360946745562
chr10	38224200	38225000	0.3964110929853181
chr10	39140800	39142800	0.8947368421052632
chr10	40050400	40051000	0.7393364928909952
chr10	40645900	40648000	0.07413793103448275
chr10	47219600	47221800	0.42444444444444446
chr10	47732800	47733400	0.6333333333333333
chr10	48290800	48291500	0.551094890510949
chr10	50447000	50447600	0.10830324909747292
chr10	51444400	51445100	0.5646687697160884
chr10	52114600	52115200	0.33714285714285713
chr10	52502800	52503400	0.3230088495575221
chr10	53194600	53195200	0.48509485094850946
chr10	60305800	60306400	0.9408602150537635
chr10	62367200	62368000	0.35546875
chr10	63076000	63076800	0.6066350710900474
chr10	64622000	64623800	0.461961961961962
chr10	68035600	68036800	0.8836477987421384
chr10	68243700	68245800	0.4645669291338583
chr10	69986200	69993500	0.8541014402003757
chr10	72690600	72691400	0.517799352750809
chr10	74243200	74244000	0.5668016194331984
chr10	78905400	78906000	0.898989898989899
chr10	81799400	81802600	0.502903600464576
chr10	81958200	81961900	0.5139043381535039
chr10	83652200	83652800	0.2664233576642336
chr10	83844200	83844800	0.44086021505376344
chr10	85211000	85211600	0.25
chr10	85658000	85658800	0.6641509433962264
chr10	86848400	86849000	0.8947368421052632
chr10	88625000	88625800	0.12389380530973451
chr10	90471400	90474000	0.5714285714285714
chr10	91585200	91587000	0.4491725768321513
chr10	97541600	97542200	0.7967479674796748
chr10	98090200	98090800	0.2265625
chr10	98794200	98794800	0.4522058823529412
chr10	100646400	100647000	0.5403225806451613
chr10	101423600	101424200	0.15789473684210525
chr10	101923600	101924200	0.4744186046511628
chr10	102323500	102324200	0.11678832116788321
chr10	103518600	103519200	0.2775330396475771
chr10	112812200	112813000	0.14121037463976946
chr10	116455400	116456200	0.1111111111111111
chr10	119498200	119498800	0.9605263157894737
chr10	121266700	121267800	0.9672131147540983
chr10	122815000	122815700	0.9901960784313726
chr10	129816400	129818600	0.23140495867768596
chr10	130201000	130201600	0.3235294117647059
chr10	130473200	130473800	0.313588850174216
chr11	3133600	3136000	0.5784680056048576
chr11	4013200	4016200	0.7899686520376176
chr11	5202200	5204000	0.8038528896672504
chr11	5457100	5458400	0.8471337579617835
chr11	5535400	5536000	0.7226027397260274
chr11	5808000	5809800	0.34705882352941175
chr11	7401600	7402200	0.4838709677419355
chr11	8399600	8400200	0.0
chr11	10216800	10217400	0.9026548672566371
chr11	10674000	10674800	0.48367346938775513
chr11	12025200	12027200	0.923217550274223
chr11	12905800	12906600	0.08490566037735849
chr11	13351600	13352200	0.5477707006369427
chr11	15729200	15730000	0.38113207547169814
chr11	16048800	16049600	0.19133574007220217
chr11	16358800	16359600	0.4015151515151515
chr11	17098800	17099400	0.05343511450381679
chr11	17912800	17913400	0.8342245989304813
chr11	19720600	19721200	0.6731234866828087
chr11	20017200	20023800	0.8163972286374134
chr11	25080000	25080600	0.6206896551724138
chr11	25370200	25371000	0.7684210526315789
chr11	29580200	29580800	0.6985645933014354
chr11	30318200	30319200	0.47703180212014135
chr11	32209400	32210400	0.8623595505617978
chr11	35875400	35876000	0.8614718614718615
chr11	40634000	40634600	0.3675675675675676
chr11	40650200	40652200	0.4530386740331492
chr11	42908400	42909000	0.4533333333333333
chr11	45769600	45770200	0.20527859237536658
chr11	48744600	48745200	0.8672199170124482
chr11	51941800	51944000	0.06026962727993656
chr11	53578600	53580200	0.92573402417962
chr11	53966000	53966600	0.6031746031746031
chr11	55252000	55254000	0.5573770491803278
chr11	58316100	58317600	0.9721627408993576
chr11	58708800	58709600	0.2619047619047619
chr11	67219000	67221200	0.7269736842105263
chr11	68604000	68604600	0.19883040935672514
chr11	69825200	69827600	0.05578947368421053
chr11	83217600	83218400	0.07331378299120235
chr11	88664600	88665200	0.6097560975609756
chr11	89909800	89910600	0.3222748815165877
chr11	92129100	92131600	0.44366197183098594
chr11	92249400	92250000	0.3793103448275862
chr11	92862000	92862600	0.8471074380165289
chr11	94745400	94746000	0.24358974358974358
chr11	95763400	95764200	0.8213399503722084
chr11	95854800	95855400	0.18433179723502305
chr11	99824700	99826600	0.27579056505961635
chr11	101398800	101399500	0.29004329004329005
chr11	101740000	101740600	0.7457142857142857
chr11	103805000	103805600	0.12244897959183673
chr11	107724200	107724800	0.8021978021978022
chr11	108039600	108040500	0.7459893048128342
chr11	108061800	108062800	0.9438502673796791
chr11	114566000	114566600	0.58203125
chr11	115062400	115063000	0.15492957746478872
chr11	117898200	117899500	0.38292011019283745
chr11	118079400	118081800	0.8392568659127625
chr11	118387600	118388200	0.6712328767123288
chr11	118861600	118862200	0.48214285714285715
chr11	120116600	120117200	0.8354430379746836
chr12	3108400	3109000	0.6814159292035398
chr12	5094600	5096700	0.8433179723502304
chr12	10832800	10833400	0.4199134199134199
chr12	10999200	11000000	0.30337078651685395
chr12	13434400	13437400	0.7014388489208633
chr12	13662000	13662600	0.322884012539185
chr12	17215600	17216200	0.7767857142857143
chr12	17786000	17786800	0.7787610619469026
chr12	18259400	18260000	0.7006369426751592
chr12	23907000	23907600	0.7105263157894737
chr12	24084300	24085200	0.7074285714285714
chr12	24141200	24141800	0.5
chr12	32926600	32927200	0.8787878787878788
chr12	33364200	33365600	0.7792207792207793
chr12	37602800	37603400	0.8351648351648352
chr12	38048000	38049200	0.3426724137931034
chr12	42598600	42599200	0.6153846153846154
chr12	42666600	42667200	0.18857142857142858
chr12	43567600	43571000	0.31156156156156156
chr12	46252400	46255000	0.5097087378640777
chr12	47329400	47331200	0.4909090909090909
chr12	47983600	47984200	0.6305084745762712
chr12	48554600	48555200	0.43617021276595747
chr12	54565200	54565800	0.9195402298850575
chr12	56644000	56646000	0.024822695035460994
chr12	58601600	58602200	0.3281653746770026
chr12	58770000	58770600	0.3436807095343681
chr12	58863600	58864200	0.8267477203647416
chr12	59652000	59652600	0.7142857142857143
chr12	61628600	61629200	0.088
chr12	66200800	66201800	0.4093686354378819
chr12	68701000	68701600	0.5783132530120482
chr12	74125800	74126600	0.7827868852459017
chr12	74367200	74367800	0.10526315789473684
chr12	74807600	74808400	0.273972602739726
chr12	80168000	80172000	0.9192708333333334
chr12	81372200	81373300	0.6542207792207793
chr12	81772600	81773200	0.8773584905660378
chr12	82565600	82566600	0.09392265193370165
chr12	84994000	84994600	0.4355400696864111
chr12	85519000	85519600	0.1761904761904762
chr12	90476600	90477200	0.6875
chr12	91811400	91812000	0.856338028169014
chr12	95249200	95249800	0.25671641791044775
chr12	96138800	96141600	0.2643979057591623
chr12	96865000	96865600	0.1527777777777778
chr12	98612800	98613800	0.2079207920792079
chr12	99148000	99148800	0.2243436754176611
chr12	99732800	99733400	0.875968992248062
chr12	99817800	99818400	0.9612903225806452
chr12	104567100	104568600	0.7849056603773585
chr12	109264800	109265400	0.8675496688741722
chr12	109526400	109528800	0.047594142259414225
chr12	109870300	109871600	0.8343558282208589
chr12	112020100	112021200	0.5469728601252609
chr12	113127400	113128000	0.9420289855072463
chr12	119772600	119773200	0.1689497716894977
chr13	3102500	3103500	0.4583333333333333
chr13	3138600	3140000	0.9362745098039216
chr13	3162700	3163300	0.75
chr13	6184000	6184800	0.38390092879256965
chr13	6846200	6846800	0.15384615384615385
chr13	8441400	8442000	0.3917525773195876
chr13	10301800	10302400	0.5416666666666666
chr13	12956200	12957000	0.47959183673469385
chr13	13047000	13047600	0.5303030303030303
chr13	14400800	14402600	0.5233812949640287
chr13	14781200	14782700	0.44396551724137934
chr13	14852000	14852600	0.4409937888198758
chr13	15887000	15887600	0.2225201072386059
chr13	16622000	16622600	0.6057692307692307
chr13	17821000	17821600	0.2679245283018868
chr13	18045600	18046200	1.0
chr13	18740600	18741200	0.9629629629629629
chr13	19439000	19439600	0.398406374501992
chr13	21650400	21652400	0.40793201133144474
chr13	22173600	22174200	0.3894736842105263
chr13	22282900	22283600	0.3888888888888889
chr13	23329200	23329800	0.3037974683544304
chr13	23375600	23376200	0.18421052631578946
chr13	29541800	29542400	0.9703703703703703
chr13	31738400	31739000	0.2639593908629442
chr13	33853000	33853600	0.6942675159235668
chr13	33882800	33883400	0.7956989247311828
chr13	34140400	34142000	0.3553398058252427
chr13	34470600	34471400	0.33060109289617484
chr13	36828200	36828800	0.2950191570881226
chr13	41058200	41058800	0.2616487455197133
chr13	41311600	41312200	0.8241758241758241
chr13	41787400	41788000	0.5742574257425742
chr13	41930600	41931200	0.4486486486486487
chr13	42156600	42159100	0.891358024691358
chr13	45566600	45568000	0.8197831978319783
chr13	47009200	47011400	0.9071680376028202
chr13	48585800	48587200	0.8890701468189234
chr13	51086600	51087200	0.43956043956043955
chr13	52905700	52908000	0.8668971477960242
chr13	53555800	53558000	0.15417558886509636
chr13	64931800	64932600	0.47560975609756095
chr13	65323800	65324600	0.6716417910447762
chr13	66473000	66473600	0.25102880658436216
chr13	71381200	71382000	0.3806423611111111
chr13	74417600	74419200	0.059734513274336286
chr13	76478000	76478600	0.4088397790055249
chr13	78261000	78261600	0.2608695652173913
chr13	84536800	84538400	0.2857142857142857
chr13	85329200	85330200	0.44794188861985473
chr13	86305500	86306100	0.3665158371040724
chr13	96707800	96708600	0.275
chr13	99324200	99324800	0.6
chr13	100223900	100225200	0.2304785894206549
chr13	102736600	102737800	0.8023255813953488
chr13	107432000	107433000	0.11042944785276074
chr13	110020000	110020600	0.836272040302267
chr13	111755400	111756100	0.856
chr13	112349600	112350200	0.0
chr13	116837000	116837600	0.575
chr14	3278200	3280200	0.4750593824228028
chr14	5993400	5994200	0.28104575163398693
chr14	6235800	6236500	0.3487394957983193
chr14	10274200	10274800	0.5588235294117647
chr14	10954800	10955400	0.7132616487455197
chr14	13933000	13934000	0.06694560669456066
chr14	14243400	14244400	0.19047619047619047
chr14	14248400	14249200	0.1342281879194631
chr14	14582200	14582800	0.119533527696793
chr14	16907600	16908200	0.2474747474747475
chr14	17005600	17006400	0.6526806526806527
chr14	17320600	17321200	0.5877160720853255
chr14	25531800	25532400	0.8838383838383839
chr14	27576800	27577400	0.5463917525773195
chr14	32863400	32864000	0.0
chr14	37942800	37943600	0.33189655172413796
chr14	44223200	44223800	0.796875
chr14	52874400	52875000	0.8098591549295775
chr14	53895800	53896400	0.10588235294117647
chr14	60759200	60762000	0.7818627450980392
chr14	62952800	62953400	0.8159509202453987
chr14	63462100	63462800	0.9285714285714286
chr14	68120200	68122000	0.20512820512820512
chr14	68811400	68813200	0.38266068759342303
chr14	69244400	69245400	0.8847262247838616
chr14	72037400	72038200	0.34069400630914826
chr14	72442800	72443400	0.17532467532467533
chr14	82893200	82894000	0.20202020202020202
chr14	90345400	90346200	0.43478260869565216
chr14	91819000	91819600	0.85
chr14	92410000	92412400	0.33868378812199035
chr14	97116400	97117200	0.5067873303167421
chr14	99649200	99649800	0.2727272727272727
chr14	101198200	101198800	0.056818181818181816
chr14	102131000	102131600	0.3218390804597701
chr14	104986800	104987400	0.2857142857142857
chr14	106003600	106005400	0.35570469798657717
chr14	107465600	107466200	0.34057971014492755
chr14	108647500	108650000	0.5009633911368016
chr14	109011000	109012600	0.6355685131195336
chr14	110553000	110553600	0.7222222222222222
chr14	112083000	112083800	0.3741935483870968
chr14	112216000	112216600	0.17857142857142858
chr14	112396000	112397000	0.42535787321063395
chr14	118489000	118490600	0.840057636887608
chr14	118515200	118515800	0.8289473684210527
chr14	118879000	118880900	0.8651960784313726
chr14	120195800	120196400	0.43137254901960786
chr14	121233700	121234500	0.755700325732899
chr14	123821000	123821600	0.5175438596491229
chr15	3118800	3119400	0.3333333333333333
chr15	3156600	3157200	0.4014084507042254
chr15	3887600	3888400	0.1485148514851485
chr15	4607800	4608400	0.5313653136531366
chr15	6680000	6683800	0.2714177407126611
chr15	9557000	9557800	0.051181102362204724
chr15	9643400	9644000	0.336734693877551
chr15	16309200	16309800	0.055232558139534885
chr15	18125500	18127800	0.4445768772348033
chr15	19403100	19404600	0.4152744630071599
chr15	21875600	21876200	0.41818181818181815
chr15	21889600	21890900	0.5574712643678161
chr15	22487800	22488600	0.32547169811320753
chr15	23823800	23825200	0.4153846153846154
chr15	24648400	24649000	0.3588235294117647
chr15	27025200	27025800	0.6433915211970075
chr15	29737000	29737600	0.15730337078651685
chr15	33269600	33270400	0.6391752577319587
chr15	33867400	33868200	0.4907749077490775
chr15	36483300	36483900	0.9150943396226415
chr15	37759300	37760200	0.5514705882352942
chr15	49279800	49282800	0.3242630385487528
chr15	50572400	50573200	0.40789473684210525
chr15	52845000	52845600	0.21016949152542372
chr15	57413200	57414000	0.4076923076923077
chr15	57822000	57823800	0.8301886792452831
chr15	60172000	60172600	0.425
chr15	65268200	65271100	0.31225296442687744
chr15	67911000	67912000	0.3373737373737374
chr15	68180400	68181000	0.8612804878048781
chr15	68368200	68368800	0.2476780185758514
chr15	72806600	72811400	0.913557779799818
chr15	75013000	75013600	0.43521594684385384
chr15	75031000	75032600	0.4085603112840467
chr15	75040400	75041000	0.41739130434782606
chr15	75523400	75524000	0.10294117647058823
chr15	79258200	79262300	0.041990668740279936
chr15	83698800	83701200	0.14513788098693758
chr15	83791800	83792600	0.9714285714285714
chr15	86549000	86549600	0.075
chr15	86568400	86569000	0.9402985074626866
chr15	92767200	92768000	0.872093023255814
chr15	97058500	97059600	0.9213973799126638
chr15	97486400	97487200	0.8309178743961353
chr15	97793400	97794200	0.784452296819788
chr15	99867200	99869100	0.8368421052631579
chr15	101063600	101064200	0.975
chr15	101194600	101195200	0.8798798798798799
chr15	103888600	103889200	0.375
chr16	4858200	4860000	0.31181102362204727
chr16	5525000	5525600	0.9941176470588236
chr16	14878400	14879000	0.3392857142857143
chr16	15434000	15434600	0.9315068493150684
chr16	18083400	18084000	0.9132075471698113
chr16	19069700	19070400	0.18
chr16	21028200	21028800	0.543859649122807
chr16	21612800	21613600	1.0
chr16	25190700	25191400	0.6838235294117647
chr16	28621800	28622800	0.7168674698795181
chr16	28853800	28857000	0.39215686274509803
chr16	31050400	31051000	0.823960880195599
chr16	31156000	31156900	0.792156862745098
chr16	42003200	42003800	0.6425
chr16	42657000	42657600	0.8160377358490566
chr16	44473800	44474400	0.10894941634241245
chr16	45055800	45056600	0.6045918367346939
chr16	46362400	46363600	0.12
chr16	47187800	47188400	0.8725490196078431
chr16	47300600	47301400	0.2774869109947644
chr16	48267800	48268400	0.0736196319018405
chr16	48497000	48498000	0.2576882290562036
chr16	50773400	50775600	0.3553223388305847
chr16	52707000	52707600	0.4268292682926829
chr16	53192400	53193000	0.24242424242424243
chr16	54003000	54003800	0.30409356725146197
chr16	54507400	54508000	0.8611111111111112
chr16	56038600	56042000	0.23294629898403482
chr16	57878200	57878800	0.6666666666666666
chr16	58249400	58250000	0.35714285714285715
chr16	60884000	60884800	0.3567251461988304
chr16	62345000	62345800	0.45161290322580644
chr16	64572200	64573200	0.5943262411347517
chr16	65031600	65033000	0.49415204678362573
chr16	67391000	67391600	0.525
chr16	68529200	68530000	0.7818181818181819
chr16	69163200	69164200	0.45982142857142855
chr16	70947400	70948000	0.14949037372593432
chr16	71976000	71976800	0.6517241379310345
chr16	76403200	76403800	0.9318181818181818
chr16	77814600	77815400	0.19082125603864733
chr16	77938000	77938600	0.5651302605210421
chr16	80268100	80269500	0.23382045929018788
chr16	85644000	85644600	0.8857142857142857
chr16	88754800	88755400	0.22448979591836735
chr16	89963100	89964600	0.9610757254069356
chr16	90049600	90050200	0.835820895522388
chr16	91456200	91457800	0.21443736730360935
chr16	91990700	91991600	0.4
chr16	94832800	94833400	0.8690476190476191
chr16	95718800	95719400	0.5958429561200924
chr16	95815600	95816200	1.0
chr16	97352000	97352800	0.41944444444444445
chr17	4339800	4340400	0.0
chr17	6739400	6741400	0.30042918454935624
chr17	8001000	8006000	0.7403210576015109
chr17	10974200	10974800	0.7192982456140351
chr17	12741200	12743000	0.9766763848396501
chr17	14013600	14014600	0.4601990049751244
chr17	16625000	16625600	0.4755244755244755
chr17	17274800	17275400	0.8041958041958042
chr17	18841600	18842400	0.5361596009975063
chr17	19042400	19043000	0.43790849673202614
chr17	20143500	20144700	0.6994535519125683
chr17	20570800	20571400	0.7589285714285714
chr17	22055800	22058800	0.43943298969072164
chr17	22623600	22624400	0.25828729281767954
chr17	23908000	23909000	0.036458333333333336
chr17	30499400	30500000	0.7649402390438247
chr17	32016400	32017000	0.9012345679012346
chr17	32069800	32070400	0.3888888888888889
chr17	32587400	32588000	0.9076923076923077
chr17	34044400	34046400	0.8605769230769231
chr17	34398600	34399400	0.8310626702997275
chr17	35281200	35282600	0.29339477726574503
chr17	35363400	35364000	0.40816326530612246
chr17	37730800	37731600	0.5350877192982456
chr17	38897600	38898200	0.3125
chr17	38982200	38983200	0.4027777777777778
chr17	40645600	40646200	0.5333333333333333
chr17	41603400	41604000	0.8390804597701149
chr17	45196600	45197200	0.5318181818181819
chr17	49281200	49281800	0.9802631578947368
chr17	50177600	50178200	0.13478260869565217
chr17	52988400	52989000	0.3485254691689008
chr17	53983800	53985100	0.4823008849557522
chr17	54552000	54552600	0.7235023041474654
chr17	55557800	55558400	0.43037974683544306
chr17	60275600	60276200	0.5560538116591929
chr17	60745600	60746300	1.0
chr17	62402200	62402800	0.41708542713567837
chr17	67811100	67813100	0.8417132216014898
chr17	69285900	69289200	0.8656554712892741
chr17	73827000	73830400	0.8515546639919759
chr17	77797600	77798200	0.49344978165938863
chr17	84629600	84630200	0.3962962962962963
chr17	85737200	85738000	0.17391304347826086
chr17	87133600	87135200	0.7857142857142857
chr17	90478800	90479600	0.2927927927927928
chr17	91271800	91272800	0.3543307086614173
chr17	91359200	91359800	0.32727272727272727
chr17	92040600	92041200	0.08333333333333333
chr17	92103600	92104400	0.300561797752809
chr17	92997800	92998400	0.8650519031141869
chr17	93403900	93404600	0.43103448275862066
chr17	94500800	94501400	0.3533834586466165
chr18	3227200	3227800	0.2366412213740458
chr18	3711600	3712200	0.4230769230769231
chr18	3873200	3875200	0.5279383429672447
chr18	7274200	7275000	0.6047430830039525
chr18	7771200	7771800	0.012422360248447204
chr18	7816800	7817400	0.36666666666666664
chr18	11746600	11747400	0.25477707006369427
chr18	12972600	12974800	0.9091764705882353
chr18	13172800	13173400	0.40224719101123596
chr18	15988800	15992800	0.2564102564102564
chr18	16288800	16289400	0.4396200814111262
chr18	17352300	17353300	0.42473118279569894
chr18	24705600	24706200	0.6919431279620853
chr18	32877000	32877600	0.6224899598393574
chr18	35528400	35529000	0.11904761904761904
chr18	36850600	36853400	0.17863720073664824
chr18	38359200	38359800	0.0794392523364486
chr18	44698400	44699000	0.6190476190476191
chr18	46317400	46318200	0.05113636363636364
chr18	50090200	50090800	0.8178137651821862
chr18	54158800	54159400	0.0
chr18	58804200	58804800	0.3244916003536693
chr18	58853400	58854200	0.30158730158730157
chr18	59357400	59358200	0.46153846153846156
chr18	60412200	60412800	0.4630225080385852
chr18	61358000	61358600	0.90625
chr18	69159200	69159900	0.5887445887445888
chr18	70509000	70510600	0.8326848249027238
chr18	70705800	70706400	0.9322033898305084
chr18	71209100	71209900	0.37209302325581395
chr18	74151100	74151800	0.8187919463087249
chr18	77207800	77208400	0.08
chr18	77368800	77369400	0.5048543689320388
chr18	79933000	79934400	0.07722007722007722
chr18	83134800	83135600	0.875
chr18	87160400	87161400	0.43333333333333335
chr18	87695600	87696200	0.18045112781954886
chr18	89407600	89408200	0.22992700729927007
chr18	90429800	90430800	0.30147783251231525
chr18	90559000	90560400	0.22524752475247525
chr19	5406200	5407000	0.22359154929577466
chr19	5861400	5862600	0.8267100977198697
chr19	7859800	7860400	0.7401960784313726
chr19	8032600	8034200	0.41361256544502617
chr19	8276800	8277400	0.6311475409836066
chr19	8323800	8324400	0.48148148148148145
chr19	9375000	9375600	0.88
chr19	9717600	9718200	0.7817460317460317
chr19	10425000	10425700	0.8404255319148937
chr19	11670400	11671000	0.8545454545454545
chr19	12543800	12545200	0.5898876404494382
chr19	13159600	13160200	0.10526315789473684
chr19	19241200	19241800	0.2222222222222222
chr19	19508600	19509300	0.39603960396039606
chr19	20754600	20755200	0.3949367088607595
chr19	21248000	21248600	0.42857142857142855
chr19	24970000	24970800	0.023622047244094488
chr19	25426800	25428400	0.6151866151866152
chr19	25819200	25819800	0.39457831325301207
chr19	26897200	26897800	0.5714285714285714
chr19	31722600	31724200	0.272510435301133
chr19	39157000	39157800	0.41118421052631576
chr19	43738000	43738700	0.6015037593984962
chr19	44712800	44713600	0.3226744186046512
chr19	46579800	46581000	0.8952270081490105
chr19	47896200	47898300	0.8665540540540541
chr19	51469400	51470000	0.26373626373626374
chr19	51701200	51701800	0.36018957345971564
chr19	51955200	51955800	0.2903645833333333
chr19	53580200	53580800	0.6394557823129252
chr19	54911600	54912200	0.401840490797546
chr19	55593200	55593900	0.9862068965517241
chr19	55628000	55630600	0.855036855036855
chr19	55931400	55932000	0.9847328244274809
chr19	56231600	56232200	0.4722222222222222
chr19	56326000	56326800	0.9490084985835694
chr19	57378400	57381600	0.8110749185667753
chr19	57437000	57439600	0.07692307692307693
chr19	58706400	58707200	0.2818181818181818
chr19	58799200	58800700	0.7875243664717348
chr19	61207600	61208200	0.5517241379310345
chr2	7509100	7509800	0.3212996389891697
chr2	7629900	7630600	0.6931818181818182
chr2	12449200	12450000	0.32723112128146453
chr2	13913200	13913800	0.37209302325581395
chr2	15334400	15335000	0.5555555555555556
chr2	15663600	15664400	0.2893258426966292
chr2	16894600	16895200	0.2616822429906542
chr2	19914600	19915400	0.19672131147540983
chr2	21246400	21247000	0.6730769230769231
chr2	22275000	22275600	0.7810650887573964
chr2	24237600	24238200	0.3023255813953488
chr2	26664300	26665100	0.7619047619047619
chr2	28228800	28229800	0.9063545150501672
chr2	36316700	36317400	0.6044776119402985
chr2	36807600	36808400	0.5238095238095238
chr2	36964400	36965000	0.30357142857142855
chr2	38568600	38571000	0.7931793179317932
chr2	39704000	39704800	0.5537190082644629
chr2	43071400	43072000	0.7808219178082192
chr2	43329200	43330000	0.8933333333333333
chr2	48227200	48227800	0.6838235294117647
chr2	48784800	48786800	0.37628865979381443
chr2	48853600	48854200	0.8916083916083916
chr2	52338400	52339400	0.46469622331691296
chr2	55999000	55999600	0.9615384615384616
chr2	59817400	59819000	0.8032128514056225
chr2	59843000	59844000	0.8826530612244898
chr2	63397600	63398200	0.3248407643312102
chr2	63805600	63806200	0.8088888888888889
chr2	66736600	66737200	0.38323353293413176
chr2	73010400	73013200	0.1782178217821782
chr2	76709800	76713000	0.9122636936500242
chr2	76722900	76725900	0.9163372859025033
chr2	78617000	78617600	0.2803738317757009
chr2	85070000	85070600	0.8284883720930233
chr2	85471900	85473100	0.545
chr2	88212200	88212800	0.375
chr2	89560600	89561200	0.8378378378378378
chr2	95695800	95696400	0.42857142857142855
chr2	98208200	98208800	0.6277777777777778
chr2	98752000	98752600	0.41911764705882354
chr2	107171400	107172000	0.39800995024875624
chr2	108202400	108203200	0.2184873949579832
chr2	110095200	110095800	0.4716981132075472
chr2	111040800	111041400	0.352
chr2	111936200	111936800	0.3793103448275862
chr2	116454200	116454800	0.07092198581560284
chr2	125617400	125618000	0.6728110599078341
chr2	127577000	127577700	0.6895973154362416
chr2	139476000	139476600	0.5
chr2	147672200	147672800	0.463855421686747
chr2	148745200	148747200	0.4095238095238095
chr2	149519300	149520000	0.3758620689655172
chr2	152686400	152688000	0.8837209302325582
chr2	155987400	155988700	0.9575757575757575
chr2	156482000	156482600	0.084375
chr2	156747800	156749200	0.8936781609195402
chr2	157557300	157562400	0.8775743707093822
chr2	159345800	159346800	0.20187793427230047
chr2	160753600	160754200	0.9813084112149533
chr2	162841600	162842200	0.74
chr2	163469400	163470200	0.96398891966759
chr2	164502200	164503000	0.9478957915831663
chr2	165296400	165297800	0.772765246449457
chr2	165380000	165383600	0.8219663418954827
chr2	165514700	165516300	0.8935018050541517
chr2	166430400	166432600	0.14972527472527472
chr2	166629600	166633200	0.9099099099099099
chr2	168488600	168489600	0.7835820895522388
chr2	168622800	168624200	0.2556053811659193
chr2	168979600	168980200	0.8490566037735849
chr2	169764800	169765400	0.8324873096446701
chr2	170504400	170505200	0.6605504587155964
chr2	170891200	170891800	0.02702702702702703
chr2	172001800	172004200	0.4461538461538462
chr2	172291600	172292800	0.47398843930635837
chr2	172895400	172897100	0.6666666666666666
chr2	173066600	173067200	0.15028901734104047
chr2	173098000	173098600	0.2138728323699422
chr2	173455400	173456000	0.10759493670886076
chr2	173645800	173647600	0.5580736543909348
chr2	174092200	174092800	0.8421052631578947
chr2	174096800	174099400	0.9790356394129979
chr2	174121800	174122400	0.07551487414187644
chr2	174293700	174301200	0.8573637417858523
chr2	174345100	174346600	0.8763493621197253
chr2	176790000	176790600	0.3819444444444444
chr2	177281600	177282200	0.4675324675324675
chr2	179179200	179179800	0.76
chr2	179298200	179299400	0.4048964218455744
chr2	179605200	179605800	0.8560885608856088
chr2	181092000	181092600	0.7260869565217392
chr2	181109400	181110000	0.5413533834586466
chr2	181112800	181113400	0.592948717948718
chr3	5903000	5903600	0.1524390243902439
chr3	6377200	6379100	0.532133676092545
chr3	7302200	7304800	0.4404973357015986
chr3	8129400	8130200	0.45454545454545453
chr3	13130200	13131000	0.4276729559748428
chr3	14447200	14448000	0.5792682926829268
chr3	14745400	14746000	0.453551912568306
chr3	16249900	16250500	0.19913419913419914
chr3	19584400	19585000	0.8607594936708861
chr3	20419000	20419600	0.3684210526315789
chr3	20854000	20854600	0.37967914438502676
chr3	22284400	22285400	0.36787564766839376
chr3	22954800	22955600	0.0670391061452514
chr3	22961200	22962000	0.49356223175965663
chr3	23314200	23314800	0.7506426735218509
chr3	24810000	24810600	0.5326315789473685
chr3	26601600	26602400	0.8692737430167597
chr3	26906000	26906600	0.5619047619047619
chr3	27258200	27258800	0.0
chr3	29719400	29720200	0.5754545454545454
chr3	32313800	32314600	0.5736526946107784
chr3	33479200	33480000	0.022727272727272728
chr3	35171200	35171800	0.0906515580736544
chr3	36853200	36853800	0.45027124773960214
chr3	38455200	38457200	0.8430173292558614
chr3	38626800	38627400	0.7747747747747747
chr3	39173800	39174400	0.45614035087719296
chr3	43491800	43492400	0.5389221556886228
chr3	45578400	45579800	0.26357827476038337
chr3	51264200	51265200	0.9
chr3	53323200	53323800	0.7889908256880734
chr3	53721200	53723800	0.3276089828269485
chr3	53888000	53888600	0.1076923076923077
chr3	55102000	55102600	0.3088235294117647
chr3	56009200	56009800	0.44
chr3	56853800	56854400	0.07777777777777778
chr3	57869600	57870200	0.30434782608695654
chr3	59689000	59689600	0.5231586940015186
chr3	66112200	66112800	0.44534412955465585
chr3	66268800	66269400	0.3716012084592145
chr3	67775800	67777200	0.3623853211009174
chr3	70745800	70746800	0.4278728606356968
chr3	71225600	71226200	0.575
chr3	73863800	73864800	0.2577903682719547
chr3	74864800	74865500	0.390625
chr3	75715000	75715600	0.3333333333333333
chr3	78249800	78250400	0.47186147186147187
chr3	87535400	87536800	0.8295880149812734
chr3	88240800	88241700	0.8285123966942148
chr3	91649400	91650000	0.6644518272425249
chr3	93619800	93620500	0.5575916230366492
chr3	94254600	94255200	0.8983957219251337
chr3	97086600	97087200	0.26506024096385544
chr3	98098000	98101000	0.7381443298969073
chr3	101450800	101451400	0.9667405764966741
chr3	106247400	106248000	0.6477272727272727
chr3	108242200	108244700	0.4720616570327553
chr3	110057000	110058200	0.35555555555555557
chr3	111724700	111725400	0.2600732600732601
chr3	112566200	112566800	0.6290322580645161
chr3	112746800	112747400	0.5756302521008403
chr3	113065200	113065800	0.2417910447761194
chr3	113218600	113219200	0.6825396825396826
chr3	113669400	113670000	0.06788511749347259
chr3	115442600	115443200	0.20243902439024392
chr3	117168800	117169400	0.31868131868131866
chr3	117776200	117776800	0.4
chr3	119312000	119312600	0.41841004184100417
chr3	120740800	120742600	0.27684117125110913
chr3	123817200	123818000	0.49032258064516127
chr3	124166200	124166800	0.45454545454545453
chr3	125029600	125030200	0.6
chr3	126910800	126911400	0.21052631578947367
chr3	128446000	128446600	0.48148148148148145
chr3	128808000	128808600	0.3474576271186441
chr3	128966400	128967000	0.1913978494623656
chr3	135774400	135775000	0.5433526011560693
chr3	139188400	139189000	0.6390532544378699
chr3	151234000	151234600	0.7075471698113207
chr3	156966600	156967600	0.43515850144092216
chr3	159303000	159306400	0.42990654205607476
chr4	4028600	4029200	0.5571955719557196
chr4	6609200	6610000	0.3745583038869258
chr4	8135400	8136400	0.5440414507772021
chr4	10354000	10354800	0.6721311475409836
chr4	11400000	11401000	0.8958333333333334
chr4	12136600	12137600	0.773678963110668
chr4	12959200	12959800	0.3008356545961003
chr4	14423800	14424400	0.2
chr4	14984200	14984800	0.49377593360995853
chr4	15341400	15344000	0.30684931506849317
chr4	16246600	16249200	0.3508158508158508
chr4	16810400	16811200	0.2033898305084746
chr4	16862800	16863400	0.8085106382978723
chr4	17065700	17066400	0.7378640776699029
chr4	20207000	20207600	0.4077669902912621
chr4	20919600	20920400	0.45695364238410596
chr4	22200600	22201200	0.775
chr4	23421200	23424000	0.2664783427495292
chr4	25159200	25160000	0.3561643835616438
chr4	25188000	25189600	0.34935897435897434
chr4	32894000	32894800	0.9765625
chr4	33301400	33302000	0.7942238267148014
chr4	35781200	35781800	0.5692307692307692
chr4	37224000	37225200	0.35670103092783506
chr4	37365800	37368400	0.23255813953488372
chr4	38383600	38384200	0.03333333333333333
chr4	41637400	41639000	0.2786458333333333
chr4	43568000	43569200	0.9097345132743363
chr4	44264800	44265600	0.3053435114503817
chr4	50319700	50320400	0.5072463768115942
chr4	53126400	53127200	0.02158273381294964
chr4	54695600	54696200	0.5680473372781065
chr4	55402400	55403000	0.0
chr4	55418800	55419600	0.5234567901234568
chr4	60457800	60458800	0.31921824104234525
chr4	62991200	62991800	0.0
chr4	65613100	65615200	0.7700258397932817
chr4	66681800	66682500	0.3392857142857143
chr4	67916000	67916600	0.31669865642994244
chr4	69569600	69570200	0.5428571428571428
chr4	70815800	70816900	0.6860068259385665
chr4	70832200	70832800	0.25555555555555554
chr4	71915400	71916000	0.6401869158878505
chr4	74648800	74649400	0.4217687074829932
chr4	77151800	77152400	0.4861111111111111
chr4	80928400	80930400	0.334841628959276
chr4	82672000	82674000	0.20516962843295639
chr4	82791800	82792500	0.35979513444302175
chr4	88481200	88481800	0.11203319502074689
chr4	91068800	91069400	0.5126050420168067
chr4	91576200	91576800	0.4765625
chr4	91654200	91655400	0.20302013422818793
chr4	92763800	92764400	0.5108695652173914
chr4	99731400	99732000	0.26785714285714285
chr4	103168800	103169400	0.29315068493150687
chr4	110863200	110863800	0.30434782608695654
chr4	111271600	111273800	0.3861788617886179
chr4	113836400	113837000	0.5964912280701754
chr4	115194600	115195200	0.9081632653061225
chr4	117477800	117478400	0.21084337349397592
chr4	121378400	121379100	0.6150442477876106
chr4	122662600	122663200	0.4425287356321839
chr4	124549200	124549800	0.24528301886792453
chr4	125182200	125182800	0.2830188679245283
chr4	128483200	128483800	0.7009345794392523
chr4	128585400	128590000	0.8153846153846154
chr4	131012200	131013000	0.3629489603024575
chr4	131495000	131495600	0.7777777777777778
chr4	131788200	131788800	0.7647058823529411
chr4	135802000	135802600	0.17898832684824903
chr4	138291800	138294000	0.3333333333333333
chr4	138706600	138707200	0.9113924050632911
chr4	139784200	139785000	0.07296137339055794
chr4	140458600	140462000	0.19436997319034852
chr4	140786000	140786800	0.06060606060606061
chr4	143579200	143579800	1.0
chr4	143827200	143827800	0.34831460674157305
chr4	145572900	145573600	0.6546184738955824
chr4	150878200	150880300	0.9242957746478874
chr4	151144400	151145600	0.4255874673629243
chr4	151248800	151251800	0.20531757754800592
chr4	151876200	151876800	0.0
chr4	153314600	153315200	0.35036496350364965
chr4	154112800	154113400	0.06960556844547564
chr4	155854800	155855400	0.9638989169675091
chr5	3436000	3437600	0.4034253092293054
chr5	3613600	3614300	0.6972318339100346
chr5	8759400	8760100	0.4377358490566038
chr5	11619000	11619800	0.3512658227848101
chr5	11963200	11964000	0.44493392070484583
chr5	16755400	16756000	0.30092592592592593
chr5	17682600	17684300	0.5661375661375662
chr5	26044000	26047200	0.28117359413202936
chr5	26929600	26930200	1.0
chr5	29408800	29409400	0.4110429447852761
chr5	29983200	29984000	0.3482142857142857
chr5	36966800	36968500	0.845100105374078
chr5	37326200	37326800	0.9274193548387096
chr5	38673200	38674400	0.9041916167664671
chr5	38912000	38912600	0.5243445692883895
chr5	42661600	42662400	0.31736526946107785
chr5	45345600	45346200	0.07317073170731707
chr5	52918400	52919000	0.13846153846153847
chr5	53582400	53583000	0.20081967213114754
chr5	55011000	55013200	0.46026986506746626
chr5	56128800	56129600	0.2671232876712329
chr5	58647000	58648700	0.3333333333333333
chr5	61292600	61294200	0.2983927323549965
chr5	61879000	61880200	0.49642857142857144
chr5	62138500	62139200	0.8831168831168831
chr5	63225600	63227900	0.5415754923413567
chr5	63727200	63727800	0.06761565836298933
chr5	64906400	64907000	0.4069767441860465
chr5	69426800	69428200	0.4046920821114369
chr5	69639800	69640800	0.3392282958199357
chr5	70002000	70002600	0.2441860465116279
chr5	70117200	70117800	0.21052631578947367
chr5	70561400	70562000	0.5076142131979695
chr5	73859600	73860200	0.37373737373737376
chr5	75653400	75655700	0.8571428571428571
chr5	86594200	86595000	0.3624733475479744
chr5	87966400	87967000	0.15135135135135136
chr5	90372400	90373000	0.520066889632107
chr5	96672000	96672600	0.21256038647342995
chr5	97063800	97064400	0.8902439024390244
chr5	97087000	97088100	0.8722689075630252
chr5	99943600	99944600	0.84688995215311
chr5	100726600	100727200	0.1510574018126888
chr5	105811600	105813800	0.8403412553321146
chr5	109550000	109553400	0.7151219512195122
chr5	109971600	109972200	0.6643356643356644
chr5	112098400	112099000	0.9310344827586207
chr5	113623600	113625000	0.9659763313609467
chr5	114196400	114197200	0.7886178861788617
chr5	114802400	114804800	0.729106628242075
chr5	116803400	116804000	0.826530612244898
chr5	116981600	116982500	0.3605769230769231
chr5	117295800	117296400	0.639269406392694
chr5	117707800	117708500	0.9207920792079208
chr5	118491600	118492200	0.6740331491712708
chr5	119440300	119441200	0.8518518518518519
chr5	124124600	124125200	1.0
chr5	125035800	125036400	0.9586919104991394
chr5	125785600	125788000	0.8922155688622755
chr5	128759300	128760200	0.9086538461538461
chr5	128781600	128782400	0.9386401326699834
chr5	129623400	129624000	0.7664233576642335
chr5	129657400	129658000	0.48635235732009924
chr5	129862400	129863000	0.9645390070921985
chr5	131439400	131441000	0.7953586497890295
chr5	131554200	131554800	0.7652173913043478
chr5	134076000	134076600	0.03409090909090909
chr5	134217000	134218000	0.1890359168241966
chr5	135348600	135352200	0.8591093117408907
chr5	141154600	141155200	0.1956521739130435
chr5	143758000	143758600	0.8644578313253012
chr5	143966600	143967900	0.8862433862433863
chr5	144092200	144093000	0.24334600760456274
chr5	144555000	144556600	0.8858695652173914
chr5	144621800	144623600	0.004329004329004329
chr5	146470000	146471000	0.913312693498452
chr5	148384800	148385400	0.8328912466843501
chr6	3121000	3121600	1.0
chr6	4092000	4093000	0.3610503282275711
chr6	4747200	4755600	0.9267955801104972
chr6	5476600	5477200	0.2962962962962963
chr6	5480000	5481000	0.6506410256410257
chr6	6626000	6627000	0.4842105263157895
chr6	7113000	7113600	0.8247422680412371
chr6	7460200	7461000	0.5522388059701493
chr6	8334600	8335200	0.24873096446700507
chr6	11205200	11206200	0.2579113924050633
chr6	11378600	11379200	0.27218934911242604
chr6	11421200	11421800	0.489010989010989
chr6	11864600	11865200	0.24846625766871167
chr6	11890800	11891400	0.22395833333333334
chr6	12775400	12776000	0.6647398843930635
chr6	14380000	14380800	0.5151515151515151
chr6	14929000	14929800	0.40077821011673154
chr6	15457800	15458400	0.18796992481203006
chr6	18585400	18587800	0.36260408781226344
chr6	20528000	20528600	0.08064516129032258
chr6	24069000	24069800	0.34545454545454546
chr6	24717200	24718400	0.06497175141242938
chr6	26753200	26755000	0.5074309978768577
chr6	26992400	26993200	0.47761194029850745
chr6	28178000	28178800	0.5516483516483517
chr6	30735200	30739400	0.889131383675251
chr6	30929100	30929800	0.6373056994818653
chr6	33664800	33665600	0.2961460446247465
chr6	35964600	35965200	0.5544871794871795
chr6	38128200	38128800	0.96
chr6	41926800	41928600	0.34702549575070823
chr6	42502200	42502800	1.0
chr6	43131200	43131800	0.13333333333333333
chr6	46153400	46154000	0.5592105263157895
chr6	46226400	46227000	0.4028776978417266
chr6	47904200	47905600	0.9596330275229358
chr6	49971000	49971600	0.24666666666666667
chr6	50619600	50621600	0.5081685296646603
chr6	55496800	55497400	0.9624060150375939
chr6	56965800	56966600	0.13940520446096655
chr6	57052600	57053400	0.24486571879936808
chr6	58017600	58018200	0.018957345971563982
chr6	58712400	58713000	0.5397260273972603
chr6	58906200	58907400	0.9226666666666666
chr6	59911200	59911800	0.35251798561151076
chr6	60575600	60576200	0.06354515050167224
chr6	60897600	60898600	0.5679012345679012
chr6	63922800	63925400	0.3356164383561644
chr6	66828600	66829200	0.26296296296296295
chr6	69802800	69803600	0.3058823529411765
chr6	70008400	70009000	0.6764705882352942
chr6	70019800	70020600	0.3930131004366812
chr6	74658800	74659400	0.5
chr6	75343200	75343800	0.04895104895104895
chr6	76098200	76098800	0.488
chr6	76618000	76618600	0.4444444444444444
chr6	78524800	78525900	0.18478260869565216
chr6	78938000	78939200	0.6048632218844985
chr6	80378800	80379600	0.3763440860215054
chr6	81336200	81339000	0.3229873908826382
chr6	82212400	82213000	0.43162393162393164
chr6	89322600	89323900	0.8605341246290801
chr6	89332700	89334200	0.8886138613861386
chr6	93068300	93069100	0.2939068100358423
chr6	96704400	96706800	0.4084249084249084
chr6	99877800	99878600	0.6990291262135923
chr6	101150400	101152900	0.6547085201793722
chr6	101453800	101454400	0.3145539906103286
chr6	101825000	101825600	0.4503311258278146
chr6	104384800	104385800	0.19527896995708155
chr6	105426900	105427600	0.2052980132450331
chr6	118617600	118618200	0.03825136612021858
chr6	123243800	123244400	0.2972972972972973
chr6	123762200	123762800	0.6129032258064516
chr6	125249200	125252100	0.3955431754874652
chr6	129845800	129846600	0.8
chr6	132642600	132643200	0.4897959183673469
chr6	133948600	133949200	0.6992481203007519
chr6	135732000	135734000	0.7166979362101313
chr6	136398200	136402000	0.8712871287128713
chr6	137621200	137621800	0.8668032786885246
chr6	137715800	137716400	0.2694805194805195
chr6	139768400	139769000	0.0
chr6	141211000	141211600	0.37644341801385683
chr6	142167800	142168700	0.6734059097978227
chr6	142202600	142203200	0.9285714285714286
chr6	142396600	142399600	0.8356426182513139
chr6	142768600	142770800	0.7876923076923077
chr6	143464800	143465400	0.7115384615384616
chr6	148154600	148155400	0.7435897435897436
chr7	3961400	3962000	0.6543624161073825
chr7	6131800	6133400	0.930188679245283
chr7	6677000	6678200	0.8181818181818182
chr7	6708400	6711700	0.8826291079812206
chr7	6727200	6731400	0.8208502024291497
chr7	7043400	7044100	0.39226519337016574
chr7	7063400	7065100	0.4720812182741117
chr7	7761000	7761600	0.6727272727272727
chr7	10082600	10083200	0.8675496688741722
chr7	10296000	10296600	0.6965174129353234
chr7	11829800	11830800	0.3230293663060278
chr7	12566200	12566800	0.8455882352941176
chr7	12970400	12971800	0.9195289499509323
chr7	13946000	13946800	0.16991150442477876
chr7	15280000	15280600	0.26953125
chr7	15511200	15511800	0.2595419847328244
chr7	16771200	16772300	0.13082706766917293
chr7	17196600	17197200	0.7309644670050761
chr7	23357600	23358600	0.8714859437751004
chr7	24034800	24035400	0.5806451612903226
chr7	24164200	24165000	0.400990099009901
chr7	25865600	25866400	0.17796610169491525
chr7	26410800	26411400	0.37595907928388744
chr7	28099000	28099800	0.9098039215686274
chr7	28109600	28112200	0.3342830009496676
chr7	31687600	31688200	0.2153846153846154
chr7	31963400	31964000	0.5031055900621118
chr7	32720400	32721200	0.5487804878048781
chr7	35274800	35275800	0.9121779859484778
chr7	39837000	39837600	0.3192771084337349
chr7	42914400	42915000	0.22058823529411764
chr7	44079600	44080200	0.3299492385786802
chr7	46497600	46500400	0.710239651416122
chr7	48386300	48387000	0.47435897435897434
chr7	49464400	49465200	0.9666666666666667
chr7	51329400	51330200	0.26785714285714285
chr7	52410800	52411800	0.25766871165644173
chr7	53621800	53622400	0.4591194968553459
chr7	59864700	59866600	0.7976190476190477
chr7	60003000	60005400	0.7096114519427403
chr7	61406800	61407400	0.23076923076923078
chr7	67149800	67150400	0.9322033898305084
chr7	69595600	69596200	0.45491803278688525
chr7	69724000	69726200	0.39089481946624804
chr7	75865200	75865800	0.904
chr7	79115500	79118200	0.047619047619047616
chr7	82540000	82540800	0.02631578947368421
chr7	83567600	83568200	0.11609498680738786
chr7	84719000	84719600	0.3709677419354839
chr7	86008800	86009700	0.2948207171314741
chr7	87902600	87904200	0.24727272727272728
chr7	92341200	92341800	0.6538461538461539
chr7	92356000	92356600	0.58
chr7	94795400	94796000	0.4375
chr7	95533000	95533600	0.7128712871287128
chr7	101464000	101464600	0.4818181818181818
chr7	106253200	106253800	0.006557377049180328
chr7	107951400	107952200	0.966
chr7	108026200	108028400	0.29733333333333334
chr7	109026200	109027000	0.9310344827586207
chr7	111232600	111233200	0.1589958158995816
chr7	117667200	117668000	0.9563636363636364
chr7	125505400	125506800	0.1043872919818457
chr7	127866200	127868400	0.9122887163088168
chr7	128685000	128689800	0.8922558922558923
chr7	131106000	131106600	0.7126436781609196
chr7	137127800	137130200	0.7666666666666667
chr7	137416200	137418400	0.4888888888888889
chr7	138665400	138666200	0.36363636363636365
chr7	140027800	140029200	0.8095238095238095
chr7	140738500	140741200	0.4334705075445816
chr7	142579900	142582200	0.03054662379421222
chr7	143294800	143296800	0.9073795180722891
chr7	143340400	143341000	0.8932384341637011
chr7	143677800	143678400	0.35555555555555557
chr7	143691600	143694600	0.7281292059219381
chr7	144168200	144172200	0.8156606851549756
chr8	3994000	3997400	0.8655360387643852
chr8	4808200	4808900	0.7108108108108108
chr8	5639600	5640800	0.43824701195219123
chr8	5784500	5785200	0.5246913580246914
chr8	6481400	6482100	0.4817351598173516
chr8	9158600	9159200	1.0
chr8	9783200	9785600	0.31164901664145234
chr8	10756200	10756800	0.6704545454545454
chr8	12238400	12239000	0.7992125984251969
chr8	12746200	12746800	0.0
chr8	12969200	12970200	0.13157894736842105
chr8	13268200	13269000	0.9663461538461539
chr8	13746400	13749600	0.07836456558773425
chr8	14822300	14823000	0.9037328094302554
chr8	15095200	15095800	0.5492957746478874
chr8	15154400	15155200	0.6240875912408759
chr8	17190200	17191000	0.5768321513002365
chr8	18264800	18265400	0.26356589147286824
chr8	19314400	19315200	0.0625
chr8	19529400	19530000	0.3695652173913043
chr8	20129200	20129800	0.5482456140350878
chr8	21272000	21273000	0.1165644171779141
chr8	21359200	21359800	0.15
chr8	21602100	21602700	0.3532608695652174
chr8	21711200	21711800	0.4004914004914005
chr8	22052800	22053400	0.17880794701986755
chr8	22535200	22535800	0.8857142857142857
chr8	28619400	28620200	0.3873239436619718
chr8	28904000	28904800	0.3385416666666667
chr8	33487600	33488200	0.3173076923076923
chr8	35089400	35090000	0.3333333333333333
chr8	36304400	36305000	0.3426183844011142
chr8	38287400	38288000	0.7440758293838863
chr8	38950000	38950600	0.6691176470588235
chr8	39729600	39730400	0.4797136038186158
chr8	40844000	40844600	0.36666666666666664
chr8	40883200	40884000	0.5163934426229508
chr8	43977400	43978200	0.4411764705882353
chr8	45023400	45025600	0.9028504944735312
chr8	45039900	45041000	0.8373570520965693
chr8	46158800	46159600	0.21705426356589147
chr8	46378400	46379200	0.27205882352941174
chr8	48228300	48229400	0.9286186384666226
chr8	48235600	48236200	0.6783216783216783
chr8	48276100	48276900	0.8996062992125984
chr8	49981600	49983000	0.2306910569105691
chr8	52061200	52062000	0.4172661870503597
chr8	52657600	52658200	0.32950191570881227
chr8	54317200	54317800	0.6967213114754098
chr8	55395200	55396000	0.11428571428571428
chr8	57503800	57504400	0.8103448275862069
chr8	62330800	62331400	0.489247311827957
chr8	63683000	63683800	0.3716012084592145
chr8	65184600	65185300	0.42071197411003236
chr8	65305400	65306000	0.24675324675324675
chr8	67781800	67782400	0.24778761061946902
chr8	68847800	68848400	0.7371428571428571
chr8	70375500	70378200	0.8129979035639413
chr8	73962000	73962600	0.5221238938053098
chr8	78588200	78590000	0.9523809523809523
chr8	79315000	79315600	0.2085889570552147
chr8	80521400	80522000	0.4
chr8	81195800	81196400	0.6956521739130435
chr8	83479600	83480200	0.30434782608695654
chr8	84994600	84995200	0.6413793103448275
chr8	85510000	85510600	0.8888888888888888
chr8	91409000	91410200	0.8327759197324415
chr8	93298600	93299400	0.4435483870967742
chr8	95293000	95294200	0.11398963730569948
chr8	96507200	96507800	0.34497816593886466
chr8	98698700	98699900	0.22301304863582444
chr8	99466000	99466800	0.2764378478664193
chr8	101710600	101711400	0.08421052631578947
chr8	102147200	102148800	0.3221556886227545
chr8	102365300	102366000	0.09770114942528736
chr8	102953400	102954000	0.19047619047619047
chr8	106424800	106425700	0.9640287769784173
chr8	110087400	110090000	0.864297253634895
chr8	110108000	110110200	0.2922636103151863
chr8	112483800	112484400	0.3129251700680272
chr8	113035200	113035800	0.16447368421052633
chr8	119372800	119373600	0.1043956043956044
chr8	120338000	120339800	0.8729411764705882
chr8	120611600	120612200	0.711864406779661
chr8	121045200	121045800	0.34285714285714286
chr8	122260800	122267200	0.8894087622288388
chr8	122860600	122867200	0.9519589552238806
chr8	123420800	123421600	0.8860465116279069
chr8	124679400	124684800	0.8495206335973322
chr8	125753000	125754000	0.9088639200998752
chr8	129102200	129102800	0.31932773109243695
chr9	3501400	3502000	0.8785046728971962
chr9	3807600	3808300	0.390625
chr9	5057400	5058000	0.5555555555555556
chr9	5364800	5365400	0.5080645161290323
chr9	5396600	5397400	0.37572254335260113
chr9	5642300	5643600	0.836
chr9	6073200	6073800	0.7116883116883117
chr9	8477400	8478000	0.5125
chr9	9331800	9334200	0.17001545595054096
chr9	11341800	11342400	0.1702127659574468
chr9	13743800	13744600	0.40540540540540543
chr9	18796600	18797400	0.3333333333333333
chr9	19288400	19289000	0.11466165413533834
chr9	19928000	19928600	0.4642857142857143
chr9	22090600	22091200	0.5396825396825397
chr9	23608000	23609000	0.2796420581655481
chr9	24706400	24707800	0.12727272727272726
chr9	26751400	26752000	0.7891566265060241
chr9	27333100	27335600	0.8279816513761468
chr9	29705800	29706400	0.043795620437956206
chr9	30830000	30830800	0.031578947368421054
chr9	31734800	31735400	0.5232067510548524
chr9	32321800	32322600	0.7829181494661922
chr9	39029000	39029600	0.36199095022624433
chr9	40040600	40041200	0.3971631205673759
chr9	40207400	40208000	0.4117647058823529
chr9	41976600	41977200	0.7203389830508474
chr9	44121200	44121800	0.03018867924528302
chr9	57840900	57841600	0.3403141361256545
chr9	60539100	60540200	0.22727272727272727
chr9	75709000	75709600	0.5161290322580645
chr9	75978800	75979400	0.24425887265135698
chr9	76689400	76690000	0.6
chr9	77473400	77474000	0.9178082191780822
chr9	78931800	78932400	0.64
chr9	79540600	79543600	0.30013106159895153
chr9	84852000	84852600	0.4689265536723164
chr9	88001800	88002400	0.4811320754716981
chr9	89469200	89469800	0.5869565217391305
chr9	89879400	89882000	0.15267175572519084
chr9	93049600	93050600	0.7751479289940828
chr9	96665400	96667400	0.5932203389830508
chr9	98348600	98350200	0.3924050632911392
chr9	99599800	99600400	0.36585365853658536
chr9	101448400	101449000	0.974025974025974
chr9	103721000	103721600	0.78125
chr9	114033600	114034400	0.15333333333333332
chr9	121040800	121042500	0.8571877949040578
